Age,Gender,MaritalStatus,IncomeLevel,TransactionID,TransactionDate,AmountSpent,ProductCategory,InteractionID,InteractionDate,InteractionType,ResolutionStatus,LastLoginDate,LoginFrequency,ServiceUsage,ChurnStatus
62.0,M,Single,Low,7194,2022-03-27,416.5,Electronics,6363.0,2022-03-31,Inquiry,Resolved,2023-10-21,34.0,Mobile App,0.0
65.0,M,Married,Low,7250,2022-08-08,54.96,Clothing,3329.0,2022-03-17,Inquiry,Resolved,2023-12-05,5.0,Website,1.0
18.0,M,Single,Low,9660,2022-07-25,197.5,Electronics,9976.0,2022-08-24,Inquiry,Resolved,2023-11-15,3.0,Website,0.0
21.0,M,Widowed,Low,2998,2022-01-25,101.31,Furniture,7354.0,2022-11-18,Inquiry,Resolved,2023-08-25,2.0,Website,0.0
21.0,M,Divorced,Medium,1228,2022-07-24,397.37,Clothing,5393.0,2022-07-03,Inquiry,Unresolved,2023-10-27,41.0,Website,0.0
57.0,F,Divorced,Medium,8903,2022-01-09,285.21,Electronics,2358.0,2022-05-05,Feedback,Resolved,2023-09-17,2.0,Website,0.0
27.0,F,Married,High,3527,2022-09-16,311.34,Electronics,4191.0,2022-04-29,Inquiry,Unresolved,2023-01-07,32.0,Mobile App,0.0
37.0,M,Single,Low,9279,2022-11-19,199.73,Groceries,8937.0,2022-09-13,Feedback,Unresolved,2023-04-22,17.0,Online Banking,1.0
39.0,M,Divorced,High,9839,2022-10-08,241.06,Books,7813.0,2022-08-15,Inquiry,Resolved,2023-06-27,24.0,Website,0.0
68.0,M,Married,High,7364,2022-08-15,51.07,Clothing,6610.0,2022-10-28,Feedback,Resolved,2023-01-13,29.0,Online Banking,1.0
54.0,M,Divorced,Medium,4967,2022-09-17,419.95,Furniture,7511.0,2022-01-26,Feedback,Unresolved,2023-01-22,30.0,Online Banking,0.0
41.0,F,Married,Low,1646,2022-07-09,287.72,Groceries,8485.0,2022-11-29,Feedback,Resolved,2023-12-31,43.0,Website,0.0
24.0,F,Divorced,Low,7806,2022-03-02,299.86,Groceries,7872.0,2022-01-12,Inquiry,Unresolved,2023-07-05,10.0,Mobile App,0.0
42.0,M,Widowed,Medium,7329,2022-02-11,403.32,Furniture,9681.0,2022-07-27,Complaint,Resolved,2023-01-10,26.0,Online Banking,0.0
42.0,M,Divorced,Medium,3394,2022-07-31,125.64,Electronics,4459.0,2022-07-25,Complaint,Unresolved,2023-06-15,44.0,Online Banking,0.0
30.0,F,Single,Medium,1211,2022-12-01,123.59,Groceries,8823.0,2022-07-29,Feedback,Resolved,2023-03-15,41.0,Online Banking,1.0
19.0,M,Married,Low,4235,2022-12-22,241.45,Electronics,6644.0,2022-10-18,Feedback,Unresolved,2023-09-03,8.0,Online Banking,0.0
56.0,F,Married,High,3419,2022-12-27,44.22,Clothing,3914.0,2022-02-04,Complaint,Unresolved,2023-11-24,37.0,Website,1.0
57.0,F,Divorced,High,7670,2022-05-22,382.39,Furniture,5761.0,2022-06-30,Inquiry,Resolved,2023-03-08,39.0,Online Banking,0.0
41.0,M,Single,Low,1742,2022-02-21,475.69,Groceries,9278.0,2022-09-08,Inquiry,Resolved,2023-08-15,16.0,Website,0.0
64.0,M,Divorced,High,9349,2022-08-12,178.91,Furniture,2246.0,2022-05-11,Inquiry,Unresolved,2023-06-16,18.0,Website,0.0
42.0,F,Divorced,Low,7200,2022-12-02,373.51,Groceries,7540.0,2022-05-06,Inquiry,Resolved,2023-05-06,42.0,Mobile App,0.0
35.0,F,Divorced,Low,4938,2022-10-21,155.76,Electronics,9487.0,2022-11-08,Inquiry,Unresolved,2023-07-07,19.0,Mobile App,0.0
55.0,M,Widowed,Medium,5357,2022-07-04,308.8,Electronics,9979.0,2022-11-28,Complaint,Unresolved,2023-10-04,12.0,Mobile App,0.0
43.0,F,Married,Low,6791,2022-08-31,219.98,Furniture,8180.0,2022-04-18,Complaint,Unresolved,2023-02-15,27.0,Mobile App,0.0
31.0,M,Single,Medium,7592,2022-12-21,218.98,Electronics,9094.0,2022-07-19,Feedback,Resolved,2023-09-29,45.0,Mobile App,1.0
26.0,M,Widowed,Medium,9249,2022-05-25,69.86,Groceries,2931.0,2022-01-07,Inquiry,Resolved,2023-10-01,22.0,Mobile App,0.0
27.0,F,Widowed,High,6635,2022-08-11,365.57,Books,6355.0,2022-08-06,Inquiry,Resolved,2023-10-26,42.0,Online Banking,0.0
38.0,F,Divorced,Medium,3772,2022-10-29,448.86,Clothing,4991.0,2022-03-18,Complaint,Unresolved,2023-09-02,34.0,Website,0.0
69.0,M,Divorced,High,6237,2022-08-09,41.7,Furniture,6401.0,2022-02-23,Complaint,Resolved,2023-07-12,38.0,Website,0.0
34.0,M,Divorced,Low,8661,2022-07-03,104.0,Furniture,2733.0,2022-11-02,Complaint,Resolved,2023-08-17,23.0,Online Banking,0.0
69.0,F,Married,High,9155,2022-10-18,204.16,Electronics,8432.0,2022-12-06,Feedback,Resolved,2023-01-06,48.0,Mobile App,0.0
23.0,M,Divorced,High,8762,2022-10-24,86.73,Books,3912.0,2022-12-12,Complaint,Resolved,2023-05-19,24.0,Mobile App,1.0
33.0,M,Widowed,High,4215,2022-10-25,263.24,Books,9414.0,2022-06-13,Feedback,Unresolved,2023-04-03,44.0,Online Banking,0.0
65.0,M,Married,Low,2500,2022-11-09,483.91,Clothing,4174.0,2022-04-14,Complaint,Unresolved,2023-05-23,19.0,Mobile App,0.0
18.0,F,Widowed,Low,1383,2022-07-06,240.92,Books,2029.0,2022-12-01,Inquiry,Unresolved,2023-02-11,6.0,Online Banking,0.0
36.0,F,Married,Medium,6171,2022-06-10,346.24,Clothing,8538.0,2022-09-13,Inquiry,Resolved,2023-08-28,3.0,Online Banking,0.0
53.0,F,Married,Low,1807,2022-07-13,253.68,Furniture,3691.0,2022-04-14,Feedback,Unresolved,2023-11-27,47.0,Online Banking,0.0
42.0,M,Married,Medium,5759,2022-09-26,161.56,Electronics,3289.0,2022-04-04,Complaint,Resolved,2023-01-20,26.0,Online Banking,0.0
67.0,F,Widowed,Low,9841,2022-03-10,297.33,Furniture,4606.0,2022-10-16,Complaint,Unresolved,2023-10-14,20.0,Website,0.0
69.0,F,Married,High,7332,2022-06-02,96.67,Electronics,6635.0,2022-06-18,Inquiry,Resolved,2023-07-04,38.0,Mobile App,1.0
47.0,M,Widowed,Medium,4938,2022-06-11,472.21,Clothing,5130.0,2022-05-09,Complaint,Resolved,2023-07-17,10.0,Mobile App,0.0
37.0,M,Single,Low,9647,2022-01-13,44.26,Groceries,8219.0,2022-05-30,Feedback,Resolved,2023-05-25,25.0,Mobile App,0.0
37.0,F,Widowed,Low,9438,2022-10-19,378.14,Groceries,7853.0,2022-07-02,Feedback,Resolved,2023-11-13,35.0,Mobile App,0.0
32.0,F,Widowed,Low,4713,2022-05-26,325.96,Clothing,5032.0,2022-05-19,Feedback,Unresolved,2023-09-02,49.0,Online Banking,0.0
57.0,F,Married,High,3487,2022-09-07,5.86,Furniture,6454.0,2022-07-07,Complaint,Unresolved,2023-07-31,24.0,Online Banking,1.0
50.0,F,Married,Medium,7614,2022-10-31,35.29,Clothing,4092.0,2022-10-28,Feedback,Resolved,2023-04-19,21.0,Website,0.0
19.0,M,Divorced,Medium,5052,2022-08-02,303.4,Groceries,9496.0,2022-03-20,Complaint,Resolved,2023-06-12,34.0,Website,0.0
27.0,F,Single,Medium,4074,2022-09-08,223.85,Furniture,5906.0,2022-03-25,Inquiry,Resolved,2023-02-19,18.0,Online Banking,0.0
50.0,F,Single,Low,7393,2022-01-19,471.18,Furniture,7375.0,2022-11-23,Complaint,Resolved,2023-07-15,19.0,Online Banking,0.0
49.0,M,Divorced,Medium,5096,2022-06-05,179.0,Groceries,5924.0,2022-02-26,Inquiry,Unresolved,2023-10-31,3.0,Mobile App,1.0
28.0,M,Widowed,Medium,9067,2022-09-10,178.78,Electronics,4688.0,2022-04-01,Inquiry,Unresolved,2023-02-16,6.0,Mobile App,0.0
41.0,F,Widowed,Low,6848,2022-06-06,334.62,Books,2976.0,2022-11-16,Inquiry,Resolved,2023-10-02,20.0,Mobile App,0.0
53.0,F,Married,Low,2486,2022-03-01,462.0,Groceries,5996.0,2022-04-18,Feedback,Unresolved,2023-01-20,22.0,Online Banking,0.0
29.0,F,Single,Low,5349,2022-09-22,163.78,Books,7946.0,2022-06-25,Complaint,Unresolved,2023-08-18,33.0,Website,0.0
68.0,F,Married,Low,8270,2022-12-14,426.06,Books,8594.0,2022-02-27,Complaint,Unresolved,2023-08-20,14.0,Mobile App,0.0
46.0,F,Divorced,High,9437,2022-10-03,347.37,Groceries,3511.0,2022-11-03,Feedback,Unresolved,2023-07-20,44.0,Online Banking,0.0
52.0,M,Single,High,6450,2022-11-02,87.1,Electronics,7895.0,2022-01-12,Feedback,Resolved,2023-04-17,9.0,Online Banking,0.0
18.0,M,Married,Medium,1990,2022-09-27,173.13,Electronics,9831.0,2022-11-21,Complaint,Resolved,2023-12-11,45.0,Online Banking,0.0
18.0,F,Single,High,2005,2022-07-23,54.17,Clothing,3525.0,2022-12-07,Complaint,Unresolved,2023-03-02,25.0,Mobile App,0.0
54.0,M,Single,Low,4677,2022-08-10,164.72,Books,5295.0,2022-07-17,Inquiry,Unresolved,2023-12-27,47.0,Website,1.0
23.0,F,Married,High,2745,2022-06-17,442.99,Furniture,4341.0,2022-01-21,Complaint,Unresolved,2023-08-27,16.0,Mobile App,0.0
56.0,M,Married,Low,9980,2022-04-17,412.2,Furniture,6180.0,2022-06-08,Feedback,Resolved,2023-05-26,7.0,Mobile App,0.0
58.0,F,Single,High,2396,2022-05-16,186.37,Groceries,9473.0,2022-03-27,Feedback,Unresolved,2023-06-03,11.0,Online Banking,0.0
35.0,F,Divorced,Low,6272,2022-11-08,150.22,Books,4959.0,2022-04-10,Complaint,Resolved,2023-09-25,27.0,Mobile App,0.0
33.0,M,Widowed,Medium,8718,2022-06-05,478.59,Groceries,9191.0,2022-12-27,Inquiry,Resolved,2023-08-17,40.0,Online Banking,0.0
22.0,F,Single,Medium,7776,2022-10-16,335.44,Clothing,5275.0,2022-03-02,Complaint,Resolved,2023-07-23,17.0,Online Banking,0.0
59.0,F,Divorced,High,6836,2022-01-17,468.35,Furniture,2826.0,2022-04-29,Inquiry,Resolved,2023-07-25,5.0,Website,1.0
60.0,F,Single,Low,6340,2022-02-21,213.22,Groceries,8888.0,2022-05-21,Inquiry,Resolved,2023-11-13,29.0,Mobile App,0.0
49.0,F,Married,Medium,1721,2022-06-03,156.21,Groceries,6970.0,2022-06-06,Complaint,Unresolved,2023-03-15,10.0,Mobile App,0.0
19.0,F,Divorced,Low,3145,2022-03-28,283.39,Books,9825.0,2022-01-26,Inquiry,Unresolved,2023-08-17,47.0,Online Banking,1.0
19.0,F,Divorced,High,2620,2022-11-11,383.9,Electronics,2127.0,2022-10-05,Feedback,Resolved,2023-04-25,25.0,Online Banking,1.0
57.0,M,Single,Low,6146,2022-04-15,160.79,Books,7774.0,2022-01-21,Inquiry,Unresolved,2023-10-27,24.0,Online Banking,1.0
59.0,M,Widowed,Low,2253,2022-01-20,273.54,Furniture,8178.0,2022-04-13,Feedback,Resolved,2023-02-19,44.0,Mobile App,0.0
53.0,F,Single,High,1293,2022-05-20,68.63,Groceries,4838.0,2022-01-08,Complaint,Unresolved,2023-06-17,12.0,Mobile App,1.0
56.0,F,Widowed,Medium,5338,2022-01-26,406.29,Groceries,8975.0,2022-01-02,Complaint,Resolved,2023-05-09,5.0,Website,1.0
29.0,M,Divorced,High,4936,2022-08-16,151.88,Furniture,4011.0,2022-08-15,Inquiry,Resolved,2023-10-15,29.0,Online Banking,0.0
64.0,M,Widowed,Low,3147,2022-12-16,185.6,Clothing,7342.0,2022-03-02,Complaint,Resolved,2023-10-07,35.0,Mobile App,0.0
36.0,M,Married,High,9620,2022-11-25,52.67,Books,7751.0,2022-08-21,Inquiry,Resolved,2023-04-20,23.0,Online Banking,1.0
45.0,M,Widowed,High,5751,2022-07-23,352.99,Books,2857.0,2022-11-18,Inquiry,Resolved,2023-06-09,32.0,Mobile App,0.0
18.0,F,Widowed,Low,3844,2022-11-22,250.51,Furniture,8428.0,2022-11-01,Complaint,Unresolved,2023-12-03,40.0,Website,1.0
32.0,F,Divorced,High,6371,2022-11-14,154.7,Books,6946.0,2022-11-23,Inquiry,Unresolved,2023-05-08,19.0,Mobile App,0.0
53.0,M,Widowed,Medium,4438,2022-08-09,470.53,Clothing,4328.0,2022-01-28,Complaint,Resolved,2023-12-31,25.0,Mobile App,0.0
30.0,M,Divorced,Medium,6637,2022-08-07,97.06,Electronics,9746.0,2022-03-21,Feedback,Unresolved,2023-11-30,45.0,Online Banking,0.0
60.0,M,Married,High,6615,2022-12-14,159.18,Furniture,5867.0,2022-04-22,Feedback,Unresolved,2023-08-08,37.0,Mobile App,0.0
38.0,M,Married,Low,7531,2022-09-01,147.82,Furniture,6132.0,2022-12-10,Inquiry,Resolved,2023-10-18,1.0,Website,0.0
29.0,F,Single,High,1141,2022-11-13,334.33,Books,7449.0,2022-03-01,Complaint,Unresolved,2023-11-22,43.0,Website,0.0
22.0,M,Single,High,1301,2022-06-03,67.2,Groceries,7718.0,2022-09-04,Inquiry,Resolved,2023-02-08,13.0,Online Banking,0.0
24.0,M,Single,Medium,7359,2022-09-29,92.54,Electronics,3852.0,2022-05-24,Inquiry,Unresolved,2023-09-06,12.0,Mobile App,0.0
22.0,M,Married,Medium,2767,2022-07-19,344.04,Electronics,8238.0,2022-01-14,Feedback,Resolved,2023-05-30,47.0,Online Banking,0.0
65.0,F,Widowed,Low,3589,2022-07-23,431.79,Books,7698.0,2022-10-06,Feedback,Unresolved,2023-02-03,43.0,Mobile App,0.0
21.0,F,Divorced,Low,9294,2022-11-24,121.62,Furniture,6988.0,2022-03-28,Inquiry,Resolved,2023-07-01,37.0,Mobile App,0.0
30.0,F,Married,Low,4397,2022-06-27,124.02,Clothing,9266.0,2022-04-07,Complaint,Resolved,2023-10-16,42.0,Mobile App,0.0
54.0,M,Widowed,High,4890,2022-07-01,444.06,Groceries,2922.0,2022-10-07,Complaint,Resolved,2023-06-27,41.0,Website,0.0
58.0,F,Single,High,4769,2022-05-27,164.11,Groceries,5828.0,2022-07-30,Complaint,Resolved,2023-06-20,12.0,Online Banking,0.0
32.0,F,Divorced,High,1171,2022-08-30,97.23,Furniture,5701.0,2022-01-26,Complaint,Unresolved,2023-02-27,36.0,Mobile App,0.0
33.0,M,Single,High,6170,2022-04-28,281.73,Books,8412.0,2022-02-20,Complaint,Unresolved,2023-12-20,38.0,Website,0.0
38.0,F,Divorced,Low,1028,2022-02-08,154.09,Furniture,5336.0,2022-04-16,Inquiry,Resolved,2023-05-23,9.0,Mobile App,0.0
53.0,M,Widowed,Low,9033,2022-01-14,254.22,Books,8734.0,2022-08-11,Complaint,Resolved,2023-02-10,14.0,Online Banking,0.0
41.0,F,Married,Low,3893,2022-10-14,382.15,Furniture,7770.0,2022-11-28,Feedback,Resolved,2023-06-02,45.0,Online Banking,1.0
33.0,F,Single,High,9830,2022-05-09,477.83,Furniture,6015.0,2022-02-03,Feedback,Resolved,2023-01-15,35.0,Online Banking,0.0
31.0,M,Married,High,5865,2022-07-18,19.8,Groceries,9923.0,2022-12-01,Complaint,Resolved,2023-01-14,32.0,Online Banking,0.0
39.0,M,Widowed,Low,6290,2022-12-22,125.66,Furniture,8080.0,2022-10-21,Feedback,Unresolved,2023-04-27,46.0,Mobile App,0.0
66.0,F,Widowed,Medium,8988,2022-12-21,11.82,Clothing,8740.0,2022-05-07,Inquiry,Resolved,2023-03-23,3.0,Online Banking,1.0
67.0,F,Widowed,Low,1490,2022-07-12,345.75,Groceries,7740.0,2022-10-30,Feedback,Resolved,2023-12-24,30.0,Website,0.0
23.0,M,Married,High,2219,2022-12-17,191.96,Electronics,9363.0,2022-09-03,Complaint,Unresolved,2023-07-20,49.0,Mobile App,0.0
59.0,F,Married,High,4307,2022-02-02,324.99,Clothing,4829.0,2022-09-27,Feedback,Resolved,2023-01-27,7.0,Online Banking,1.0
53.0,M,Divorced,Low,8961,2022-11-26,488.22,Clothing,9008.0,2022-12-25,Feedback,Resolved,2023-03-24,1.0,Mobile App,1.0
18.0,M,Married,Medium,7435,2022-10-19,39.34,Groceries,4863.0,2022-04-22,Inquiry,Unresolved,2023-04-28,20.0,Mobile App,0.0
49.0,M,Married,Medium,4846,2022-09-14,485.84,Clothing,4455.0,2022-01-03,Inquiry,Resolved,2023-10-10,25.0,Website,1.0
23.0,F,Widowed,High,5167,2022-09-20,122.1,Groceries,2978.0,2022-10-16,Inquiry,Unresolved,2023-06-17,33.0,Website,1.0
48.0,F,Divorced,High,9861,2022-04-14,315.55,Furniture,3694.0,2022-06-08,Inquiry,Unresolved,2023-10-16,35.0,Website,0.0
18.0,F,Married,High,4640,2022-04-04,462.1,Books,4817.0,2022-05-03,Complaint,Unresolved,2023-04-12,44.0,Online Banking,0.0
67.0,F,Married,Low,2493,2022-02-16,97.31,Books,4530.0,2022-05-21,Inquiry,Resolved,2023-08-02,24.0,Website,0.0
68.0,F,Widowed,High,2596,2022-04-09,217.3,Groceries,3662.0,2022-07-20,Feedback,Unresolved,2023-09-21,14.0,Mobile App,0.0
54.0,M,Married,High,8416,2022-03-01,64.35,Books,4622.0,2022-11-13,Inquiry,Unresolved,2023-08-20,39.0,Mobile App,0.0
52.0,F,Widowed,High,3714,2022-03-19,153.58,Books,5524.0,2022-05-14,Inquiry,Unresolved,2023-12-25,44.0,Online Banking,0.0
66.0,M,Divorced,Medium,3647,2022-08-02,380.48,Groceries,5828.0,2022-12-11,Complaint,Unresolved,2023-10-01,34.0,Online Banking,0.0
47.0,M,Widowed,Medium,3133,2022-08-12,247.99,Furniture,3216.0,2022-08-08,Inquiry,Resolved,2023-03-29,18.0,Mobile App,1.0
21.0,F,Widowed,High,6885,2022-10-07,463.48,Groceries,6525.0,2022-12-05,Feedback,Resolved,2023-02-23,2.0,Online Banking,0.0
52.0,M,Divorced,Medium,8646,2022-10-19,218.65,Clothing,8650.0,2022-03-05,Inquiry,Unresolved,2023-09-09,38.0,Mobile App,0.0
60.0,F,Single,Medium,6250,2022-05-30,89.96,Furniture,8229.0,2022-03-09,Inquiry,Resolved,2023-06-14,17.0,Mobile App,1.0
31.0,M,Widowed,Medium,5095,2022-09-26,402.9,Books,7298.0,2022-08-16,Complaint,Unresolved,2023-03-15,23.0,Mobile App,1.0
66.0,M,Married,Medium,5195,2022-02-01,159.75,Furniture,3200.0,2022-05-26,Complaint,Resolved,2023-02-19,33.0,Website,0.0
57.0,M,Widowed,Low,8983,2022-11-07,345.79,Groceries,4052.0,2022-02-02,Inquiry,Unresolved,2023-06-21,28.0,Online Banking,0.0
39.0,F,Divorced,Medium,4105,2022-04-10,457.01,Books,3991.0,2022-01-19,Complaint,Resolved,2023-05-14,15.0,Website,0.0
27.0,F,Married,Medium,2838,2022-01-19,273.08,Groceries,3986.0,2022-02-26,Feedback,Resolved,2023-01-18,11.0,Website,0.0
18.0,F,Divorced,Medium,1498,2022-02-11,414.86,Books,6920.0,2022-05-25,Feedback,Unresolved,2023-07-07,23.0,Website,1.0
28.0,F,Widowed,Medium,4322,2022-06-07,76.78,Clothing,3817.0,2022-11-07,Complaint,Resolved,2023-03-21,13.0,Website,0.0
68.0,M,Divorced,Low,5599,2022-12-12,128.8,Books,9255.0,2022-12-06,Complaint,Unresolved,2023-02-25,47.0,Mobile App,0.0
61.0,F,Divorced,Low,9658,2022-11-07,431.03,Furniture,8238.0,2022-04-08,Complaint,Resolved,2023-09-24,11.0,Website,0.0
41.0,F,Single,High,7717,2022-02-11,485.5,Groceries,2723.0,2022-04-01,Feedback,Resolved,2023-06-15,36.0,Website,0.0
20.0,M,Widowed,Medium,2676,2022-10-29,21.11,Clothing,7104.0,2022-08-17,Inquiry,Resolved,2023-04-13,38.0,Mobile App,0.0
52.0,M,Widowed,Medium,5648,2022-09-14,330.41,Groceries,4351.0,2022-11-11,Inquiry,Resolved,2023-01-05,27.0,Mobile App,0.0
53.0,F,Widowed,High,4092,2022-09-07,392.9,Books,5299.0,2022-12-25,Feedback,Resolved,2023-06-19,18.0,Mobile App,0.0
48.0,M,Widowed,Low,7927,2022-10-07,41.46,Groceries,6920.0,2022-12-04,Inquiry,Resolved,2023-11-07,40.0,Mobile App,0.0
21.0,F,Married,High,9145,2022-12-10,318.48,Books,2493.0,2022-04-28,Feedback,Resolved,2023-06-19,38.0,Online Banking,1.0
36.0,M,Divorced,Low,1480,2022-12-28,45.91,Furniture,8780.0,2022-06-02,Complaint,Resolved,2023-03-20,34.0,Online Banking,0.0
64.0,F,Widowed,High,8843,2022-07-31,207.37,Clothing,9671.0,2022-08-17,Complaint,Unresolved,2023-06-03,22.0,Website,0.0
53.0,M,Married,High,4425,2022-05-12,288.66,Books,6991.0,2022-05-10,Inquiry,Resolved,2023-10-21,18.0,Mobile App,0.0
38.0,F,Widowed,Medium,5786,2022-01-04,344.59,Furniture,8482.0,2022-09-06,Feedback,Unresolved,2023-06-28,41.0,Online Banking,0.0
35.0,M,Divorced,High,4102,2022-05-18,390.78,Electronics,4112.0,2022-12-03,Inquiry,Resolved,2023-04-27,18.0,Mobile App,0.0
68.0,F,Widowed,Low,2276,2022-11-10,415.81,Electronics,2039.0,2022-08-12,Inquiry,Resolved,2023-12-25,13.0,Website,0.0
45.0,F,Married,Low,1996,2022-07-23,191.92,Clothing,8616.0,2022-04-26,Inquiry,Unresolved,2023-02-18,39.0,Online Banking,1.0
32.0,F,Married,High,2452,2022-07-14,172.02,Groceries,8812.0,2022-02-28,Inquiry,Unresolved,2023-10-11,16.0,Online Banking,0.0
59.0,F,Divorced,Low,6309,2022-02-11,348.97,Clothing,3558.0,2022-03-19,Feedback,Resolved,2023-12-12,8.0,Mobile App,0.0
19.0,F,Widowed,High,7397,2022-02-05,57.85,Groceries,9257.0,2022-07-18,Inquiry,Unresolved,2023-09-02,34.0,Mobile App,0.0
54.0,F,Married,Medium,5739,2022-12-18,56.85,Electronics,3028.0,2022-04-27,Feedback,Resolved,2023-03-09,29.0,Website,0.0
28.0,M,Single,Medium,1702,2022-01-26,329.36,Books,9304.0,2022-05-23,Complaint,Resolved,2023-02-17,6.0,Online Banking,0.0
40.0,F,Widowed,Medium,2248,2022-07-15,467.92,Electronics,8929.0,2022-01-29,Complaint,Resolved,2023-06-29,38.0,Mobile App,0.0
61.0,M,Single,Medium,4690,2022-01-06,339.61,Furniture,3619.0,2022-03-04,Feedback,Unresolved,2023-06-02,36.0,Mobile App,0.0
58.0,F,Married,High,2591,2022-09-07,325.01,Electronics,7823.0,2022-12-07,Inquiry,Resolved,2023-09-30,48.0,Mobile App,0.0
29.0,M,Married,Low,9559,2022-11-04,183.51,Electronics,7937.0,2022-07-15,Inquiry,Resolved,2023-01-26,42.0,Online Banking,0.0
20.0,F,Divorced,High,2528,2022-08-13,438.71,Books,3367.0,2022-10-02,Complaint,Unresolved,2023-04-19,26.0,Mobile App,0.0
69.0,M,Divorced,Low,1801,2022-02-21,25.15,Clothing,7804.0,2022-10-27,Feedback,Unresolved,2023-04-08,18.0,Website,0.0
34.0,F,Widowed,High,9118,2022-09-24,389.21,Clothing,7815.0,2022-06-21,Complaint,Unresolved,2023-06-30,11.0,Mobile App,0.0
50.0,M,Married,Low,7047,2022-09-17,257.88,Books,4454.0,2022-11-19,Feedback,Resolved,2023-06-13,27.0,Mobile App,0.0
18.0,F,Married,Low,1004,2022-05-13,448.78,Electronics,5013.0,2022-03-21,Inquiry,Unresolved,2023-10-03,30.0,Online Banking,0.0
56.0,M,Married,High,5083,2022-12-09,314.38,Clothing,5034.0,2022-06-12,Complaint,Resolved,2023-05-11,18.0,Website,0.0
37.0,M,Married,Medium,6259,2022-01-13,101.96,Furniture,8121.0,2022-03-15,Complaint,Resolved,2023-05-02,43.0,Online Banking,1.0
64.0,M,Single,High,5812,2022-04-28,184.39,Clothing,6378.0,2022-10-21,Feedback,Unresolved,2023-07-24,4.0,Mobile App,0.0
60.0,F,Married,Medium,2341,2022-03-19,194.45,Books,5962.0,2022-11-21,Inquiry,Resolved,2023-06-11,6.0,Mobile App,0.0
69.0,M,Divorced,High,3715,2022-09-23,313.38,Books,8112.0,2022-08-04,Complaint,Unresolved,2023-01-13,22.0,Mobile App,0.0
58.0,F,Widowed,Low,1780,2022-08-28,460.5,Groceries,7261.0,2022-09-17,Complaint,Resolved,2023-11-25,2.0,Website,1.0
31.0,F,Widowed,Medium,6698,2022-03-01,315.06,Electronics,9291.0,2022-11-24,Complaint,Resolved,2023-03-01,47.0,Mobile App,0.0
48.0,F,Widowed,Low,5458,2022-08-10,111.98,Groceries,7740.0,2022-04-02,Complaint,Unresolved,2023-08-03,48.0,Online Banking,0.0
42.0,F,Single,Low,1813,2022-07-19,127.97,Books,6253.0,2022-04-12,Inquiry,Unresolved,2023-03-03,40.0,Website,0.0
20.0,M,Married,Low,5175,2022-10-04,210.01,Clothing,8843.0,2022-02-18,Inquiry,Unresolved,2023-08-29,32.0,Website,1.0
21.0,F,Widowed,High,6680,2022-08-07,356.54,Clothing,5590.0,2022-07-19,Complaint,Resolved,2023-06-18,39.0,Mobile App,0.0
48.0,M,Divorced,Low,3582,2022-11-07,332.46,Groceries,2424.0,2022-06-26,Complaint,Unresolved,2023-10-12,21.0,Website,1.0
52.0,F,Single,High,7444,2022-11-11,383.48,Clothing,4723.0,2022-08-03,Feedback,Unresolved,2023-05-04,8.0,Mobile App,0.0
61.0,M,Married,Medium,1814,2022-12-17,242.66,Furniture,5523.0,2022-11-27,Complaint,Resolved,2023-12-12,25.0,Website,0.0
31.0,F,Married,Low,5245,2022-07-22,240.24,Clothing,3288.0,2022-03-04,Feedback,Resolved,2023-10-22,41.0,Mobile App,0.0
66.0,F,Married,Medium,5486,2022-07-09,111.43,Furniture,6272.0,2022-10-15,Inquiry,Unresolved,2023-03-09,36.0,Mobile App,1.0
58.0,M,Married,Medium,1249,2022-01-08,51.23,Electronics,3470.0,2022-12-06,Feedback,Resolved,2023-11-27,4.0,Website,0.0
26.0,F,Single,High,5286,2022-07-14,269.06,Books,7587.0,2022-11-12,Feedback,Resolved,2023-09-23,15.0,Website,1.0
37.0,F,Divorced,Medium,7568,2022-03-16,76.57,Clothing,8076.0,2022-12-04,Feedback,Resolved,2023-03-05,28.0,Website,0.0
49.0,F,Married,High,6115,2022-12-22,298.83,Clothing,6346.0,2022-09-16,Complaint,Unresolved,2023-05-06,20.0,Website,0.0
26.0,F,Single,High,2905,2022-10-09,212.9,Electronics,7928.0,2022-04-24,Complaint,Resolved,2023-09-06,38.0,Website,0.0
44.0,F,Single,Medium,5065,2022-09-08,135.67,Furniture,7811.0,2022-07-09,Inquiry,Unresolved,2023-01-30,6.0,Online Banking,0.0
20.0,F,Divorced,Medium,7320,2022-04-03,471.59,Books,8380.0,2022-01-05,Inquiry,Unresolved,2023-04-22,30.0,Mobile App,0.0
21.0,F,Single,Medium,2224,2022-05-04,172.58,Electronics,6649.0,2022-09-16,Feedback,Resolved,2023-06-12,32.0,Online Banking,0.0
62.0,F,Single,High,2345,2022-06-24,97.55,Electronics,2760.0,2022-01-26,Complaint,Unresolved,2023-04-21,49.0,Online Banking,1.0
32.0,M,Widowed,High,4788,2022-06-18,72.0,Electronics,7078.0,2022-07-01,Inquiry,Resolved,2023-04-14,41.0,Online Banking,0.0
50.0,F,Widowed,Medium,3207,2022-03-02,445.86,Groceries,2218.0,2022-11-14,Inquiry,Resolved,2023-10-23,4.0,Online Banking,0.0
22.0,M,Divorced,High,6624,2022-07-05,54.72,Electronics,3144.0,2022-03-30,Complaint,Unresolved,2023-10-18,35.0,Mobile App,0.0
21.0,F,Widowed,Medium,2130,2022-10-27,452.54,Books,6976.0,2022-01-24,Inquiry,Resolved,2023-01-09,30.0,Mobile App,0.0
63.0,M,Single,High,7865,2022-04-04,198.88,Clothing,9904.0,2022-03-20,Inquiry,Unresolved,2023-03-29,49.0,Mobile App,0.0
29.0,M,Single,High,4507,2022-12-07,487.83,Clothing,8684.0,2022-02-09,Inquiry,Unresolved,2023-06-21,41.0,Mobile App,0.0
40.0,M,Divorced,Low,5551,2022-08-15,489.73,Clothing,4508.0,2022-08-30,Inquiry,Resolved,2023-04-01,22.0,Website,1.0
31.0,F,Single,Low,3700,2022-03-30,288.97,Clothing,2805.0,2022-11-25,Inquiry,Resolved,2023-02-15,2.0,Website,0.0
63.0,F,Divorced,Medium,2319,2022-10-29,426.1,Furniture,4856.0,2022-02-03,Inquiry,Resolved,2023-07-07,12.0,Website,0.0
29.0,M,Widowed,Low,8228,2022-06-07,413.56,Furniture,4063.0,2022-10-22,Complaint,Resolved,2023-05-11,34.0,Website,0.0
34.0,F,Widowed,High,3074,2022-03-10,269.85,Clothing,5937.0,2022-04-14,Inquiry,Resolved,2023-10-23,34.0,Website,0.0
42.0,F,Married,Medium,9774,2022-01-06,495.59,Books,2619.0,2022-11-17,Complaint,Resolved,2023-03-07,14.0,Website,0.0
47.0,M,Widowed,Low,9029,2022-05-14,95.14,Groceries,8439.0,2022-08-21,Feedback,Resolved,2023-01-22,39.0,Website,0.0
39.0,F,Married,Medium,1282,2022-03-20,200.11,Furniture,6012.0,2022-01-04,Inquiry,Unresolved,2023-03-16,39.0,Online Banking,1.0
64.0,M,Married,Medium,5061,2022-11-12,431.43,Books,4802.0,2022-09-13,Feedback,Resolved,2023-06-21,45.0,Online Banking,0.0
43.0,M,Married,High,4129,2022-02-23,24.88,Groceries,6689.0,2022-09-03,Inquiry,Unresolved,2023-01-08,6.0,Website,0.0
34.0,F,Single,Low,7265,2022-12-05,418.55,Groceries,8963.0,2022-03-21,Feedback,Resolved,2023-02-10,8.0,Online Banking,0.0
37.0,M,Married,High,8293,2022-08-20,439.79,Electronics,6980.0,2022-06-08,Inquiry,Unresolved,2023-08-14,27.0,Online Banking,1.0
51.0,F,Widowed,Medium,6986,2022-12-11,12.77,Groceries,8422.0,2022-03-29,Inquiry,Unresolved,2023-03-07,12.0,Mobile App,0.0
58.0,F,Divorced,Medium,2459,2022-07-16,90.54,Electronics,4119.0,2022-01-18,Feedback,Resolved,2023-04-16,21.0,Website,0.0
50.0,F,Widowed,Medium,9823,2022-04-06,332.93,Furniture,8017.0,2022-11-26,Complaint,Unresolved,2023-05-08,38.0,Online Banking,0.0
54.0,F,Divorced,Low,9211,2022-04-09,315.91,Furniture,5018.0,2022-04-04,Feedback,Resolved,2023-01-27,4.0,Mobile App,0.0
24.0,M,Widowed,High,4772,2022-03-07,312.32,Electronics,2699.0,2022-10-16,Inquiry,Unresolved,2023-11-27,25.0,Mobile App,0.0
39.0,F,Divorced,High,7452,2022-01-11,339.69,Furniture,5725.0,2022-10-05,Feedback,Resolved,2023-03-28,43.0,Website,0.0
49.0,F,Widowed,Low,1652,2022-06-03,100.36,Electronics,5708.0,2022-08-25,Feedback,Resolved,2023-06-03,24.0,Online Banking,0.0
31.0,F,Divorced,High,9361,2022-05-09,281.66,Groceries,4327.0,2022-09-16,Inquiry,Unresolved,2023-10-12,12.0,Mobile App,0.0
25.0,M,Married,High,8720,2022-08-02,310.6,Groceries,7851.0,2022-01-26,Complaint,Unresolved,2023-07-24,29.0,Online Banking,0.0
42.0,M,Divorced,Medium,3695,2022-05-12,81.78,Furniture,3155.0,2022-04-27,Inquiry,Unresolved,2023-03-03,35.0,Online Banking,0.0
33.0,F,Married,Medium,3392,2022-06-27,151.94,Groceries,9159.0,2022-07-15,Inquiry,Unresolved,2023-06-14,37.0,Website,0.0
59.0,F,Widowed,Medium,7124,2022-02-06,329.86,Furniture,9411.0,2022-03-15,Complaint,Resolved,2023-02-23,30.0,Website,1.0
36.0,F,Divorced,Low,7822,2022-02-15,33.36,Clothing,9349.0,2022-04-01,Complaint,Unresolved,2023-11-02,41.0,Online Banking,0.0
58.0,F,Divorced,Medium,7464,2022-04-14,93.75,Books,3639.0,2022-11-16,Feedback,Resolved,2023-11-07,42.0,Online Banking,0.0
33.0,F,Widowed,High,1017,2022-10-21,110.57,Books,9678.0,2022-04-11,Complaint,Resolved,2023-09-06,35.0,Mobile App,0.0
29.0,M,Married,Low,2905,2022-07-21,326.29,Groceries,4226.0,2022-11-16,Inquiry,Resolved,2023-08-14,1.0,Online Banking,1.0
56.0,F,Married,High,9864,2022-04-28,218.4,Groceries,5856.0,2022-08-21,Feedback,Unresolved,2023-06-12,40.0,Mobile App,0.0
65.0,M,Single,Low,4783,2022-08-27,305.2,Clothing,3875.0,2022-03-26,Inquiry,Resolved,2023-07-18,26.0,Online Banking,0.0
47.0,M,Single,High,3698,2022-11-02,380.34,Groceries,8000.0,2022-07-19,Inquiry,Resolved,2023-11-12,35.0,Online Banking,0.0
19.0,F,Single,Low,5968,2022-03-31,256.88,Clothing,2886.0,2022-09-14,Feedback,Resolved,2023-06-16,42.0,Mobile App,1.0
49.0,M,Divorced,High,2809,2022-09-10,325.4,Electronics,3069.0,2022-07-23,Complaint,Resolved,2023-06-03,7.0,Website,0.0
62.0,F,Divorced,Medium,5710,2022-02-28,396.79,Books,5895.0,2022-08-28,Complaint,Resolved,2023-07-22,4.0,Online Banking,0.0
42.0,M,Divorced,Low,8909,2022-07-16,330.62,Clothing,6838.0,2022-03-29,Feedback,Unresolved,2023-05-16,5.0,Website,0.0
42.0,M,Widowed,High,1793,2022-11-23,423.71,Groceries,6534.0,2022-07-07,Feedback,Resolved,2023-07-15,39.0,Online Banking,0.0
21.0,F,Single,High,5047,2022-07-02,227.58,Electronics,9483.0,2022-11-01,Feedback,Resolved,2023-03-10,11.0,Mobile App,0.0
36.0,M,Widowed,High,5924,2022-02-06,36.53,Groceries,2422.0,2022-01-13,Complaint,Resolved,2023-11-08,15.0,Online Banking,1.0
65.0,F,Single,High,8726,2022-12-23,300.42,Groceries,5360.0,2022-10-24,Complaint,Unresolved,2023-10-16,32.0,Website,0.0
21.0,F,Single,Medium,3638,2022-08-20,134.67,Electronics,3223.0,2022-11-24,Inquiry,Unresolved,2023-12-23,37.0,Website,0.0
60.0,F,Divorced,Medium,5621,2022-04-18,283.35,Furniture,6378.0,2022-09-20,Feedback,Resolved,2023-09-04,9.0,Online Banking,1.0
30.0,F,Married,Low,4552,2022-10-16,154.22,Furniture,2510.0,2022-12-13,Feedback,Resolved,2023-02-20,47.0,Online Banking,1.0
56.0,F,Single,Low,4996,2022-11-09,180.48,Groceries,6798.0,2022-04-03,Feedback,Unresolved,2023-09-08,32.0,Online Banking,0.0
53.0,F,Married,High,9120,2022-11-19,49.88,Electronics,8943.0,2022-05-21,Complaint,Resolved,2023-09-18,33.0,Website,0.0
40.0,M,Widowed,Low,3951,2022-10-05,303.45,Clothing,6254.0,2022-08-21,Inquiry,Resolved,2023-06-19,23.0,Online Banking,1.0
23.0,M,Divorced,High,6295,2022-03-30,158.06,Books,2585.0,2022-01-14,Feedback,Unresolved,2023-12-28,15.0,Mobile App,0.0
41.0,F,Single,Low,2549,2022-04-02,336.93,Furniture,2241.0,2022-05-11,Feedback,Resolved,2023-09-25,30.0,Online Banking,1.0
61.0,M,Divorced,Low,2465,2022-06-11,316.09,Books,6208.0,2022-01-21,Feedback,Unresolved,2023-01-13,16.0,Online Banking,1.0
50.0,M,Widowed,High,8206,2022-07-29,118.52,Clothing,4403.0,2022-08-04,Inquiry,Unresolved,2023-09-20,22.0,Mobile App,1.0
29.0,F,Married,Medium,6434,2022-12-09,170.22,Electronics,5711.0,2022-07-11,Feedback,Resolved,2023-10-09,43.0,Mobile App,1.0
58.0,M,Divorced,High,4303,2022-06-04,429.87,Furniture,5875.0,2022-08-12,Inquiry,Unresolved,2023-07-27,30.0,Online Banking,0.0
38.0,F,Divorced,Medium,1873,2022-09-02,191.81,Groceries,9131.0,2022-09-09,Complaint,Unresolved,2023-12-19,1.0,Mobile App,0.0
28.0,F,Single,Low,6515,2022-07-18,72.34,Books,4772.0,2022-02-11,Complaint,Resolved,2023-02-16,35.0,Online Banking,1.0
61.0,M,Married,Medium,7394,2022-05-21,298.44,Electronics,5340.0,2022-03-16,Feedback,Unresolved,2023-12-09,18.0,Website,0.0
55.0,F,Widowed,High,7154,2022-06-07,223.89,Electronics,2718.0,2022-11-24,Feedback,Unresolved,2023-06-21,15.0,Online Banking,0.0
46.0,F,Single,Low,3258,2022-03-01,62.73,Books,6203.0,2022-09-20,Inquiry,Resolved,2023-05-18,21.0,Online Banking,0.0
65.0,F,Divorced,Medium,8909,2022-03-19,354.86,Groceries,7230.0,2022-10-09,Inquiry,Resolved,2023-03-24,40.0,Mobile App,0.0
58.0,F,Divorced,Medium,6635,2022-09-04,413.93,Groceries,4938.0,2022-02-24,Feedback,Unresolved,2023-12-24,2.0,Online Banking,0.0
20.0,M,Married,High,8752,2022-01-09,469.96,Groceries,6706.0,2022-07-11,Feedback,Unresolved,2023-08-26,30.0,Online Banking,1.0
45.0,F,Widowed,Low,8877,2022-08-10,361.72,Clothing,4973.0,2022-01-08,Feedback,Resolved,2023-02-06,40.0,Website,0.0
37.0,M,Widowed,Low,8540,2022-12-09,269.01,Furniture,6982.0,2022-07-08,Complaint,Resolved,2023-01-09,32.0,Website,0.0
43.0,F,Divorced,Medium,9784,2022-04-28,23.42,Books,5806.0,2022-07-07,Inquiry,Unresolved,2023-03-24,28.0,Website,1.0
41.0,M,Widowed,Medium,1011,2022-03-24,476.36,Electronics,6086.0,2022-11-05,Complaint,Unresolved,2023-08-11,11.0,Online Banking,1.0
69.0,M,Single,Medium,8612,2022-07-20,50.08,Furniture,7609.0,2022-03-24,Complaint,Resolved,2023-12-03,7.0,Online Banking,0.0
64.0,F,Married,Low,1349,2022-02-17,401.25,Groceries,4335.0,2022-05-29,Complaint,Resolved,2023-08-25,1.0,Mobile App,1.0
38.0,M,Divorced,Medium,1434,2022-07-31,218.92,Furniture,8216.0,2022-09-24,Feedback,Resolved,2023-06-17,43.0,Mobile App,0.0
47.0,F,Widowed,Medium,1750,2022-12-08,420.01,Books,2632.0,2022-05-30,Complaint,Unresolved,2023-08-26,28.0,Mobile App,0.0
21.0,F,Widowed,Low,8039,2022-12-28,34.48,Groceries,3059.0,2022-12-18,Inquiry,Unresolved,2023-01-31,39.0,Website,0.0
53.0,M,Single,Low,1211,2022-11-04,195.81,Groceries,2046.0,2022-09-10,Complaint,Unresolved,2023-06-17,19.0,Mobile App,0.0
57.0,M,Widowed,High,7387,2022-03-13,64.35,Groceries,7082.0,2022-03-15,Complaint,Unresolved,2023-03-16,39.0,Online Banking,0.0
27.0,M,Single,Low,3611,2022-08-12,252.85,Books,2590.0,2022-09-30,Inquiry,Resolved,2023-08-24,32.0,Website,1.0
27.0,M,Married,Low,8097,2022-06-03,68.92,Clothing,2016.0,2022-02-23,Feedback,Resolved,2023-05-29,49.0,Online Banking,1.0
59.0,F,Divorced,High,9573,2022-06-13,178.11,Groceries,5434.0,2022-10-23,Complaint,Resolved,2023-02-04,30.0,Website,1.0
41.0,M,Single,Low,8217,2022-07-04,283.1,Books,9511.0,2022-06-26,Complaint,Unresolved,2023-12-28,2.0,Website,0.0
21.0,F,Widowed,High,3027,2022-09-06,101.59,Clothing,7243.0,2022-01-13,Complaint,Unresolved,2023-03-08,44.0,Online Banking,0.0
64.0,M,Widowed,Low,8034,2022-06-06,433.0,Furniture,9779.0,2022-04-15,Inquiry,Resolved,2023-04-06,43.0,Online Banking,0.0
44.0,M,Married,High,6153,2022-04-08,125.76,Groceries,7921.0,2022-10-13,Complaint,Resolved,2023-01-07,37.0,Online Banking,0.0
68.0,F,Single,Medium,8547,2022-01-08,127.82,Clothing,7241.0,2022-07-22,Complaint,Resolved,2023-11-24,19.0,Online Banking,0.0
62.0,M,Divorced,Medium,6447,2022-03-29,341.18,Furniture,7813.0,2022-07-12,Complaint,Unresolved,2023-12-19,26.0,Mobile App,0.0
21.0,F,Widowed,Medium,6705,2022-07-10,138.07,Groceries,7136.0,2022-07-28,Inquiry,Resolved,2023-06-16,1.0,Mobile App,0.0
49.0,M,Single,High,4825,2022-07-06,365.65,Books,3218.0,2022-04-16,Complaint,Unresolved,2023-04-12,42.0,Mobile App,0.0
27.0,M,Widowed,Medium,3353,2022-09-06,462.05,Electronics,9859.0,2022-05-13,Inquiry,Resolved,2023-10-28,28.0,Online Banking,1.0
28.0,F,Divorced,Low,6919,2022-05-17,255.32,Clothing,3326.0,2022-08-10,Feedback,Unresolved,2023-07-16,26.0,Online Banking,1.0
45.0,F,Single,High,7099,2022-12-15,222.37,Books,4141.0,2022-12-24,Inquiry,Resolved,2023-08-30,40.0,Mobile App,0.0
63.0,F,Widowed,Low,8283,2022-11-28,295.23,Electronics,7607.0,2022-07-22,Complaint,Unresolved,2023-01-24,35.0,Online Banking,0.0
25.0,F,Divorced,Low,7872,2022-06-24,86.35,Books,5207.0,2022-11-08,Feedback,Resolved,2023-06-15,3.0,Website,0.0
57.0,F,Single,Low,5420,2022-02-21,216.17,Groceries,4771.0,2022-06-06,Feedback,Resolved,2023-06-02,26.0,Online Banking,1.0
39.0,F,Single,High,4559,2022-03-08,445.85,Clothing,4118.0,2022-12-26,Inquiry,Resolved,2023-07-06,33.0,Mobile App,0.0
51.0,F,Married,Low,3971,2022-10-26,356.52,Electronics,2095.0,2022-05-30,Complaint,Unresolved,2023-02-22,22.0,Online Banking,0.0
62.0,M,Divorced,Medium,2674,2022-11-18,326.58,Clothing,8719.0,2022-04-18,Feedback,Unresolved,2023-04-12,6.0,Mobile App,0.0
52.0,F,Single,High,7333,2022-04-15,314.01,Books,8652.0,2022-03-03,Feedback,Unresolved,2023-11-19,42.0,Online Banking,0.0
52.0,M,Married,Medium,9411,2022-02-19,467.63,Clothing,2855.0,2022-05-20,Complaint,Resolved,2023-12-15,34.0,Online Banking,0.0
42.0,M,Single,High,7507,2022-04-06,305.23,Groceries,5948.0,2022-07-07,Feedback,Resolved,2023-07-22,3.0,Online Banking,1.0
51.0,F,Widowed,Low,7509,2022-07-25,139.62,Electronics,4497.0,2022-03-05,Inquiry,Resolved,2023-09-20,17.0,Online Banking,1.0
23.0,M,Married,Medium,5184,2022-10-29,51.58,Electronics,6179.0,2022-12-02,Inquiry,Resolved,2023-05-15,6.0,Mobile App,0.0
58.0,M,Single,High,3568,2022-12-01,101.31,Furniture,4126.0,2022-10-04,Inquiry,Unresolved,2023-08-31,42.0,Mobile App,0.0
54.0,F,Widowed,Low,4623,2022-06-02,10.61,Electronics,6563.0,2022-01-09,Feedback,Unresolved,2023-04-03,5.0,Website,1.0
18.0,M,Widowed,Low,9447,2022-12-20,94.75,Clothing,7076.0,2022-05-19,Feedback,Resolved,2023-06-10,20.0,Website,0.0
29.0,F,Widowed,High,9072,2022-04-22,457.37,Groceries,6095.0,2022-03-16,Inquiry,Unresolved,2023-03-21,1.0,Website,0.0
52.0,M,Married,High,5994,2022-02-02,218.36,Books,3826.0,2022-08-30,Inquiry,Unresolved,2023-11-14,24.0,Mobile App,0.0
23.0,M,Widowed,High,3014,2022-01-22,252.72,Furniture,3874.0,2022-12-18,Feedback,Unresolved,2023-09-15,9.0,Mobile App,0.0
34.0,F,Divorced,High,3245,2022-10-11,308.15,Electronics,4097.0,2022-06-08,Feedback,Unresolved,2023-09-26,15.0,Website,0.0
26.0,M,Single,Medium,2632,2022-02-10,118.1,Electronics,9437.0,2022-05-17,Feedback,Resolved,2023-12-06,37.0,Website,0.0
19.0,M,Divorced,High,6408,2022-11-26,91.91,Books,5075.0,2022-05-30,Inquiry,Unresolved,2023-01-26,18.0,Mobile App,0.0
35.0,F,Widowed,Low,4484,2022-01-04,116.15,Groceries,8392.0,2022-08-06,Feedback,Unresolved,2023-03-19,22.0,Online Banking,0.0
66.0,F,Widowed,Medium,6109,2022-08-31,272.02,Clothing,7906.0,2022-04-13,Inquiry,Resolved,2023-03-09,11.0,Website,0.0
53.0,M,Divorced,Low,7334,2022-09-22,359.92,Electronics,2395.0,2022-06-11,Complaint,Unresolved,2023-12-01,38.0,Mobile App,0.0
45.0,M,Married,Low,3072,2022-03-05,387.43,Groceries,5931.0,2022-04-10,Inquiry,Resolved,2023-10-06,3.0,Mobile App,0.0
58.0,F,Widowed,High,8369,2022-12-13,68.98,Electronics,7303.0,2022-07-23,Inquiry,Resolved,2023-08-23,29.0,Website,0.0
54.0,M,Widowed,Medium,5454,2022-11-29,189.74,Books,2597.0,2022-10-25,Feedback,Resolved,2023-11-04,46.0,Mobile App,0.0
66.0,F,Divorced,High,4788,2022-12-09,436.58,Clothing,2434.0,2022-06-13,Feedback,Unresolved,2023-10-15,32.0,Website,0.0
43.0,F,Widowed,Low,9969,2022-07-07,115.73,Furniture,2892.0,2022-10-16,Feedback,Resolved,2023-10-02,34.0,Online Banking,0.0
21.0,M,Widowed,High,1745,2022-03-05,328.22,Groceries,5233.0,2022-12-04,Inquiry,Unresolved,2023-02-18,8.0,Website,0.0
57.0,F,Married,High,8181,2022-11-24,324.69,Furniture,2311.0,2022-11-21,Inquiry,Resolved,2023-05-20,34.0,Online Banking,0.0
53.0,F,Married,High,9301,2022-03-19,229.33,Furniture,7766.0,2022-10-25,Inquiry,Unresolved,2023-04-28,5.0,Online Banking,0.0
68.0,M,Married,High,2273,2022-04-29,124.41,Furniture,5671.0,2022-11-17,Complaint,Unresolved,2023-07-15,9.0,Mobile App,0.0
48.0,F,Married,High,1218,2022-12-18,286.35,Furniture,7709.0,2022-12-21,Inquiry,Unresolved,2023-05-03,17.0,Mobile App,0.0
47.0,M,Married,High,5225,2022-05-02,184.28,Electronics,7408.0,2022-08-18,Complaint,Unresolved,2023-11-04,20.0,Mobile App,0.0
67.0,M,Widowed,Medium,7430,2022-08-25,494.58,Clothing,5353.0,2022-07-26,Feedback,Unresolved,2023-10-23,42.0,Mobile App,0.0
51.0,M,Single,High,6000,2022-11-17,118.54,Groceries,6429.0,2022-04-27,Feedback,Resolved,2023-04-16,27.0,Online Banking,0.0
36.0,F,Widowed,Medium,5261,2022-10-06,195.94,Electronics,5561.0,2022-02-03,Feedback,Unresolved,2023-07-05,5.0,Online Banking,0.0
35.0,M,Widowed,High,7059,2022-07-13,165.51,Groceries,2629.0,2022-09-08,Inquiry,Resolved,2023-07-07,46.0,Mobile App,1.0
47.0,M,Single,Medium,7293,2022-07-17,417.53,Electronics,5678.0,2022-03-27,Inquiry,Unresolved,2023-06-23,29.0,Website,0.0
38.0,M,Divorced,Low,8589,2022-10-23,462.37,Furniture,2358.0,2022-11-07,Feedback,Unresolved,2023-06-19,11.0,Online Banking,0.0
20.0,M,Single,Medium,8162,2022-06-26,209.63,Groceries,5712.0,2022-01-05,Inquiry,Unresolved,2023-03-21,26.0,Mobile App,0.0
23.0,F,Married,Medium,2692,2022-02-05,202.31,Clothing,5815.0,2022-06-03,Inquiry,Resolved,2023-10-09,23.0,Mobile App,1.0
55.0,F,Widowed,Low,2241,2022-12-03,78.23,Clothing,4714.0,2022-11-03,Inquiry,Resolved,2023-01-28,18.0,Mobile App,0.0
30.0,M,Married,High,1111,2022-03-07,176.53,Books,5532.0,2022-01-04,Feedback,Resolved,2023-06-02,20.0,Website,0.0
62.0,F,Single,High,4357,2022-09-04,165.81,Groceries,2266.0,2022-09-30,Inquiry,Resolved,2023-09-11,44.0,Website,0.0
20.0,F,Divorced,Medium,2487,2022-09-18,19.43,Groceries,6461.0,2022-09-29,Inquiry,Resolved,2023-03-12,21.0,Online Banking,0.0
65.0,F,Divorced,High,2344,2022-01-18,407.13,Electronics,9384.0,2022-07-20,Feedback,Resolved,2023-02-11,26.0,Online Banking,0.0
45.0,M,Widowed,High,6394,2022-12-21,150.04,Electronics,8478.0,2022-08-23,Complaint,Resolved,2023-10-30,32.0,Online Banking,0.0
39.0,F,Single,Low,7775,2022-02-05,84.61,Clothing,3277.0,2022-12-08,Inquiry,Unresolved,2023-11-20,1.0,Online Banking,0.0
57.0,F,Married,High,8724,2022-08-19,285.49,Clothing,2741.0,2022-03-16,Complaint,Resolved,2023-03-10,2.0,Website,1.0
57.0,F,Married,High,3269,2022-11-09,30.24,Books,5334.0,2022-12-28,Inquiry,Resolved,2023-02-23,4.0,Mobile App,0.0
29.0,F,Divorced,Medium,4434,2022-06-27,301.42,Clothing,3327.0,2022-06-07,Complaint,Resolved,2023-09-30,41.0,Online Banking,0.0
40.0,F,Widowed,High,2544,2022-07-20,57.28,Electronics,4203.0,2022-03-10,Complaint,Resolved,2023-03-26,10.0,Website,0.0
48.0,M,Single,High,5352,2022-10-27,363.53,Groceries,3419.0,2022-03-22,Inquiry,Unresolved,2023-08-27,28.0,Website,0.0
35.0,F,Married,Medium,8632,2022-11-06,237.01,Books,9812.0,2022-02-19,Feedback,Unresolved,2023-04-17,49.0,Mobile App,0.0
24.0,F,Divorced,Medium,1741,2022-05-12,228.66,Clothing,5164.0,2022-08-03,Inquiry,Unresolved,2023-08-13,37.0,Online Banking,0.0
25.0,M,Widowed,Medium,9288,2022-06-06,191.33,Books,5259.0,2022-01-17,Complaint,Unresolved,2023-09-18,17.0,Mobile App,0.0
36.0,M,Divorced,High,8998,2022-11-14,293.62,Furniture,3746.0,2022-05-21,Complaint,Unresolved,2023-01-02,30.0,Website,0.0
46.0,M,Widowed,High,3957,2022-12-04,421.42,Books,7897.0,2022-02-04,Complaint,Unresolved,2023-12-06,6.0,Website,0.0
61.0,M,Single,High,2522,2022-03-17,132.16,Clothing,6249.0,2022-02-28,Complaint,Unresolved,2023-12-13,11.0,Website,0.0
37.0,F,Divorced,High,7355,2022-12-13,404.42,Furniture,7068.0,2022-01-13,Feedback,Resolved,2023-01-18,11.0,Online Banking,0.0
67.0,F,Married,High,1106,2022-08-13,406.93,Electronics,9079.0,2022-11-27,Feedback,Resolved,2023-12-27,2.0,Mobile App,1.0
59.0,F,Widowed,High,9514,2022-08-29,363.4,Clothing,9577.0,2022-05-03,Complaint,Unresolved,2023-01-25,20.0,Mobile App,0.0
47.0,F,Divorced,Medium,6930,2022-07-07,401.39,Furniture,9344.0,2022-10-21,Inquiry,Unresolved,2023-08-26,34.0,Website,0.0
64.0,F,Widowed,Medium,9049,2022-01-04,284.85,Clothing,2506.0,2022-05-03,Feedback,Unresolved,2023-12-04,41.0,Mobile App,0.0
39.0,M,Divorced,High,5403,2022-12-05,492.36,Books,2015.0,2022-05-07,Inquiry,Resolved,2023-04-23,1.0,Website,0.0
27.0,F,Divorced,Low,4917,2022-01-14,100.63,Furniture,8475.0,2022-08-24,Complaint,Unresolved,2023-09-21,48.0,Mobile App,0.0
43.0,M,Single,Medium,2164,2022-01-09,166.05,Groceries,7557.0,2022-08-19,Complaint,Unresolved,2023-07-05,27.0,Online Banking,0.0
68.0,M,Married,High,2439,2022-10-27,172.53,Groceries,9741.0,2022-10-21,Complaint,Unresolved,2023-10-02,26.0,Online Banking,1.0
50.0,M,Divorced,Medium,5506,2022-11-03,136.01,Clothing,3862.0,2022-11-23,Complaint,Unresolved,2023-07-26,26.0,Online Banking,0.0
45.0,F,Single,Low,7937,2022-01-19,331.07,Electronics,8486.0,2022-10-01,Complaint,Unresolved,2023-06-27,8.0,Mobile App,0.0
27.0,F,Widowed,Medium,6014,2022-01-28,184.84,Clothing,2576.0,2022-12-30,Inquiry,Resolved,2023-09-08,29.0,Online Banking,0.0
46.0,M,Widowed,Medium,9726,2022-11-22,388.6,Clothing,7246.0,2022-06-23,Feedback,Unresolved,2023-01-07,17.0,Online Banking,0.0
61.0,M,Divorced,Medium,8066,2022-06-09,20.1,Clothing,5382.0,2022-11-22,Feedback,Resolved,2023-07-20,33.0,Mobile App,0.0
35.0,M,Married,Medium,8691,2022-07-05,40.85,Electronics,7952.0,2022-05-04,Complaint,Unresolved,2023-11-30,1.0,Online Banking,0.0
59.0,M,Widowed,High,6899,2022-02-06,114.94,Groceries,6784.0,2022-09-19,Inquiry,Unresolved,2023-08-20,24.0,Mobile App,0.0
18.0,M,Divorced,Low,5360,2022-11-16,236.95,Clothing,6333.0,2022-12-18,Complaint,Resolved,2023-04-23,25.0,Online Banking,0.0
40.0,M,Widowed,High,6865,2022-01-10,424.06,Groceries,5023.0,2022-06-10,Complaint,Resolved,2023-07-23,1.0,Mobile App,1.0
34.0,F,Single,Medium,9635,2022-02-09,160.7,Groceries,3650.0,2022-10-16,Feedback,Resolved,2023-09-02,26.0,Website,0.0
60.0,M,Divorced,Medium,1560,2022-10-14,102.27,Electronics,7851.0,2022-04-15,Feedback,Resolved,2023-03-19,16.0,Online Banking,1.0
54.0,M,Divorced,Medium,5009,2022-04-21,451.24,Clothing,5501.0,2022-03-14,Feedback,Resolved,2023-07-13,49.0,Online Banking,0.0
48.0,M,Divorced,Low,4276,2022-07-11,298.68,Clothing,5117.0,2022-02-10,Complaint,Unresolved,2023-01-06,33.0,Website,0.0
42.0,M,Single,Low,3538,2022-06-29,137.62,Clothing,9660.0,2022-05-26,Feedback,Resolved,2023-07-15,28.0,Mobile App,0.0
21.0,M,Divorced,High,1013,2022-04-08,211.69,Electronics,2386.0,2022-12-11,Feedback,Resolved,2023-09-10,45.0,Online Banking,0.0
69.0,F,Divorced,Medium,7558,2022-05-12,231.01,Electronics,8590.0,2022-12-27,Feedback,Resolved,2023-01-17,24.0,Mobile App,1.0
26.0,M,Single,Low,8719,2022-08-27,270.26,Furniture,6548.0,2022-10-03,Inquiry,Resolved,2023-05-03,36.0,Website,0.0
45.0,F,Widowed,Medium,1730,2022-08-08,236.75,Clothing,3559.0,2022-04-08,Feedback,Unresolved,2023-03-26,14.0,Online Banking,0.0
47.0,M,Single,High,6545,2022-06-09,317.21,Electronics,9597.0,2022-01-15,Complaint,Resolved,2023-04-19,49.0,Mobile App,0.0
64.0,M,Married,High,5529,2022-06-14,412.42,Clothing,8555.0,2022-08-04,Inquiry,Resolved,2023-08-14,5.0,Mobile App,1.0
41.0,F,Single,Low,2232,2022-03-26,443.75,Groceries,4677.0,2022-01-08,Inquiry,Unresolved,2023-01-01,27.0,Online Banking,0.0
50.0,M,Widowed,High,2723,2022-08-24,136.43,Clothing,5378.0,2022-11-20,Feedback,Resolved,2023-08-28,14.0,Mobile App,0.0
37.0,F,Divorced,Low,6886,2022-08-18,208.07,Furniture,6774.0,2022-07-06,Complaint,Unresolved,2023-10-29,24.0,Online Banking,1.0
26.0,F,Divorced,Medium,1302,2022-05-11,58.9,Books,5576.0,2022-03-10,Complaint,Resolved,2023-01-16,46.0,Website,0.0
25.0,F,Single,Low,8849,2022-09-15,214.25,Furniture,7231.0,2022-06-13,Complaint,Resolved,2023-09-16,28.0,Mobile App,0.0
41.0,F,Married,High,1411,2022-09-07,57.03,Clothing,7967.0,2022-03-30,Complaint,Resolved,2023-01-17,8.0,Online Banking,0.0
31.0,F,Single,Medium,4288,2022-12-31,238.78,Electronics,5879.0,2022-06-09,Complaint,Unresolved,2023-02-07,35.0,Website,0.0
35.0,F,Married,High,8415,2022-08-23,259.91,Books,6806.0,2022-02-21,Complaint,Unresolved,2023-06-22,47.0,Online Banking,0.0
18.0,M,Single,Medium,9129,2022-03-11,470.61,Books,7810.0,2022-12-06,Complaint,Unresolved,2023-06-15,35.0,Website,0.0
29.0,F,Married,Medium,2649,2022-05-17,54.93,Books,5410.0,2022-05-29,Complaint,Resolved,2023-10-26,23.0,Website,0.0
46.0,M,Married,Medium,4440,2022-10-16,287.15,Clothing,6440.0,2022-10-19,Inquiry,Resolved,2023-05-10,13.0,Online Banking,0.0
54.0,M,Divorced,Medium,4957,2022-12-07,71.23,Clothing,3478.0,2022-10-04,Feedback,Unresolved,2023-12-25,47.0,Online Banking,0.0
43.0,F,Married,High,8499,2022-06-13,253.82,Furniture,9560.0,2022-07-27,Feedback,Unresolved,2023-08-31,17.0,Website,0.0
50.0,F,Divorced,Low,8522,2022-04-08,226.68,Clothing,4778.0,2022-05-11,Complaint,Unresolved,2023-02-28,31.0,Website,0.0
60.0,F,Single,Medium,6683,2022-03-01,256.72,Clothing,9573.0,2022-10-28,Inquiry,Resolved,2023-05-11,10.0,Online Banking,0.0
32.0,M,Single,High,5491,2022-08-26,460.67,Clothing,3672.0,2022-08-12,Feedback,Unresolved,2023-08-22,36.0,Website,0.0
40.0,F,Single,High,9158,2022-06-09,12.77,Furniture,8196.0,2022-03-25,Inquiry,Resolved,2023-07-24,29.0,Online Banking,0.0
46.0,F,Single,High,4605,2022-06-04,229.06,Clothing,4833.0,2022-10-19,Complaint,Unresolved,2023-06-10,16.0,Mobile App,0.0
38.0,M,Single,Low,1835,2022-12-04,239.0,Books,7631.0,2022-05-12,Complaint,Resolved,2023-07-18,33.0,Website,1.0
36.0,F,Divorced,High,1993,2022-01-11,118.34,Books,2804.0,2022-10-25,Complaint,Resolved,2023-03-01,14.0,Mobile App,0.0
22.0,M,Single,High,9390,2022-04-16,377.08,Groceries,6791.0,2022-05-03,Feedback,Resolved,2023-08-21,7.0,Online Banking,0.0
40.0,F,Married,Low,3718,2022-03-01,78.58,Clothing,4502.0,2022-03-26,Feedback,Resolved,2023-12-26,33.0,Website,0.0
53.0,M,Widowed,High,9567,2022-03-28,361.23,Groceries,7247.0,2022-06-02,Complaint,Unresolved,2023-08-24,3.0,Mobile App,1.0
37.0,F,Divorced,High,4934,2022-01-07,23.87,Books,7585.0,2022-02-01,Complaint,Resolved,2023-10-23,26.0,Website,0.0
25.0,M,Married,Low,5764,2022-12-14,463.19,Books,7768.0,2022-05-15,Inquiry,Resolved,2023-10-30,39.0,Website,0.0
26.0,F,Widowed,Low,7515,2022-11-24,444.26,Furniture,4540.0,2022-05-25,Inquiry,Resolved,2023-08-21,5.0,Online Banking,1.0
31.0,F,Widowed,Low,7387,2022-04-05,110.82,Furniture,7671.0,2022-06-20,Feedback,Resolved,2023-04-04,23.0,Online Banking,1.0
23.0,M,Divorced,Medium,9239,2022-01-24,145.39,Furniture,2097.0,2022-05-03,Complaint,Unresolved,2023-02-18,33.0,Mobile App,0.0
18.0,F,Married,Low,2160,2022-05-22,340.38,Books,3852.0,2022-12-26,Inquiry,Unresolved,2023-07-21,30.0,Mobile App,0.0
26.0,F,Widowed,Medium,1810,2022-02-21,142.09,Furniture,4911.0,2022-08-18,Inquiry,Unresolved,2023-09-03,33.0,Mobile App,0.0
33.0,M,Widowed,Medium,9629,2022-03-04,494.59,Clothing,8316.0,2022-09-25,Feedback,Resolved,2023-12-04,43.0,Website,0.0
33.0,M,Divorced,Low,9280,2022-04-19,337.72,Groceries,6736.0,2022-12-21,Feedback,Resolved,2023-07-11,25.0,Online Banking,0.0
29.0,F,Single,Medium,6774,2022-08-31,481.02,Clothing,3293.0,2022-08-05,Feedback,Resolved,2023-07-22,22.0,Online Banking,1.0
22.0,M,Widowed,High,3129,2022-07-27,97.01,Groceries,3139.0,2022-05-05,Complaint,Unresolved,2023-05-07,1.0,Online Banking,1.0
57.0,F,Divorced,High,6516,2022-02-08,143.57,Books,8478.0,2022-11-16,Feedback,Resolved,2023-05-10,10.0,Online Banking,0.0
46.0,F,Divorced,Low,9019,2022-02-01,232.38,Clothing,3105.0,2022-02-18,Complaint,Unresolved,2023-10-09,23.0,Online Banking,0.0
63.0,M,Married,Medium,2867,2022-01-08,233.29,Books,8463.0,2022-05-01,Feedback,Unresolved,2023-06-02,33.0,Website,0.0
44.0,M,Divorced,High,1430,2022-02-02,42.55,Groceries,7693.0,2022-06-05,Complaint,Resolved,2023-03-19,39.0,Online Banking,0.0
28.0,F,Divorced,Medium,6213,2022-03-16,458.03,Clothing,8185.0,2022-05-27,Inquiry,Resolved,2023-08-22,28.0,Website,0.0
64.0,M,Single,Medium,3353,2022-01-20,116.25,Groceries,9108.0,2022-04-08,Feedback,Unresolved,2023-08-11,43.0,Mobile App,1.0
67.0,F,Widowed,High,2522,2022-10-15,404.4,Electronics,3932.0,2022-08-03,Feedback,Resolved,2023-08-30,8.0,Online Banking,0.0
45.0,M,Married,Low,3834,2022-01-16,165.4,Clothing,3229.0,2022-09-07,Complaint,Unresolved,2023-10-28,27.0,Mobile App,1.0
69.0,F,Divorced,Medium,1774,2022-09-01,220.53,Furniture,2320.0,2022-10-07,Complaint,Resolved,2023-02-25,5.0,Online Banking,0.0
53.0,F,Married,High,5955,2022-01-27,351.3,Furniture,2284.0,2022-02-22,Inquiry,Resolved,2023-12-29,15.0,Website,0.0
59.0,F,Widowed,Low,8856,2022-12-15,273.85,Clothing,8983.0,2022-11-17,Inquiry,Resolved,2023-08-25,48.0,Mobile App,1.0
36.0,F,Divorced,Medium,5187,2022-06-10,477.4,Groceries,8154.0,2022-04-27,Feedback,Unresolved,2023-10-14,22.0,Online Banking,0.0
52.0,F,Divorced,Medium,6546,2022-11-05,222.83,Books,8909.0,2022-01-13,Complaint,Resolved,2023-01-20,35.0,Mobile App,0.0
69.0,F,Married,Medium,9312,2022-08-18,105.33,Groceries,9069.0,2022-11-17,Complaint,Resolved,2023-08-09,30.0,Online Banking,0.0
48.0,F,Single,Medium,8125,2022-12-06,64.14,Books,4358.0,2022-09-22,Inquiry,Unresolved,2023-09-20,48.0,Website,1.0
61.0,M,Widowed,Low,7750,2022-04-07,309.33,Clothing,6960.0,2022-03-30,Inquiry,Resolved,2023-12-31,44.0,Website,0.0
36.0,M,Widowed,Medium,7661,2022-07-03,368.18,Furniture,3670.0,2022-10-21,Complaint,Unresolved,2023-03-16,33.0,Website,0.0
63.0,M,Widowed,High,4417,2022-08-08,131.06,Books,9836.0,2022-12-02,Inquiry,Unresolved,2023-09-04,30.0,Online Banking,0.0
41.0,F,Divorced,High,2680,2022-08-19,224.81,Groceries,5533.0,2022-06-24,Inquiry,Resolved,2023-06-18,36.0,Online Banking,0.0
19.0,M,Divorced,High,9192,2022-07-31,164.36,Groceries,8690.0,2022-01-24,Inquiry,Resolved,2023-04-23,16.0,Online Banking,0.0
24.0,M,Divorced,Low,5718,2022-10-22,125.27,Clothing,3588.0,2022-07-27,Complaint,Resolved,2023-11-09,38.0,Website,0.0
60.0,M,Married,High,1911,2022-03-16,197.6,Furniture,2120.0,2022-07-29,Feedback,Unresolved,2023-09-20,23.0,Online Banking,0.0
66.0,M,Widowed,Medium,1892,2022-07-26,9.19,Groceries,4279.0,2022-08-29,Complaint,Unresolved,2023-02-07,37.0,Online Banking,1.0
48.0,F,Widowed,Medium,5332,2022-04-28,452.17,Groceries,9135.0,2022-07-29,Feedback,Resolved,2023-01-06,37.0,Website,0.0
34.0,F,Widowed,High,4287,2022-12-02,144.41,Electronics,9338.0,2022-05-24,Complaint,Unresolved,2023-12-16,28.0,Mobile App,0.0
44.0,M,Single,Low,5646,2022-11-17,391.62,Clothing,4467.0,2022-04-27,Complaint,Unresolved,2023-10-04,14.0,Mobile App,1.0
53.0,F,Divorced,Low,9334,2022-03-11,275.83,Clothing,4824.0,2022-09-22,Feedback,Resolved,2023-04-04,4.0,Mobile App,0.0
67.0,F,Widowed,Medium,1240,2022-07-31,293.81,Clothing,8011.0,2022-08-04,Inquiry,Resolved,2023-09-24,39.0,Website,0.0
60.0,F,Widowed,Medium,5481,2022-05-16,107.63,Groceries,3656.0,2022-11-02,Complaint,Unresolved,2023-11-03,33.0,Website,0.0
27.0,F,Divorced,High,8438,2022-07-26,280.78,Furniture,7643.0,2022-06-16,Feedback,Resolved,2023-09-10,31.0,Website,0.0
62.0,F,Divorced,Low,2000,2022-12-26,48.02,Books,9845.0,2022-04-14,Feedback,Unresolved,2023-08-14,13.0,Online Banking,0.0
31.0,M,Widowed,High,7552,2022-10-22,472.13,Electronics,4229.0,2022-01-09,Inquiry,Resolved,2023-08-10,36.0,Mobile App,0.0
24.0,F,Married,Medium,5427,2022-08-30,462.52,Clothing,5573.0,2022-07-11,Complaint,Resolved,2023-01-11,10.0,Mobile App,0.0
56.0,M,Married,Medium,7002,2022-10-13,148.39,Clothing,8472.0,2022-09-14,Feedback,Resolved,2023-07-02,47.0,Online Banking,0.0
57.0,F,Married,High,5650,2022-01-27,224.36,Clothing,8638.0,2022-01-27,Complaint,Resolved,2023-05-26,31.0,Website,0.0
26.0,M,Married,Low,9564,2022-08-13,222.98,Groceries,5124.0,2022-09-25,Complaint,Resolved,2023-12-16,26.0,Mobile App,0.0
31.0,M,Single,Medium,9593,2022-03-16,463.89,Electronics,4408.0,2022-08-07,Complaint,Unresolved,2023-12-03,14.0,Mobile App,1.0
25.0,F,Married,Medium,3460,2022-09-13,55.81,Groceries,2404.0,2022-03-21,Complaint,Unresolved,2023-11-09,4.0,Mobile App,0.0
34.0,M,Widowed,Low,3245,2022-06-22,276.11,Electronics,3995.0,2022-05-21,Complaint,Resolved,2023-03-18,33.0,Online Banking,0.0
40.0,F,Widowed,Medium,8790,2022-07-24,177.45,Groceries,7472.0,2022-09-25,Feedback,Unresolved,2023-09-18,47.0,Website,0.0
33.0,M,Widowed,Low,6529,2022-03-06,168.1,Electronics,2201.0,2022-10-28,Feedback,Unresolved,2023-09-20,13.0,Website,0.0
43.0,M,Married,Low,4484,2022-10-12,480.04,Clothing,2885.0,2022-09-26,Inquiry,Unresolved,2023-04-20,48.0,Website,0.0
26.0,F,Divorced,Medium,6504,2022-04-19,330.59,Furniture,5199.0,2022-09-09,Feedback,Unresolved,2023-02-20,41.0,Online Banking,0.0
53.0,M,Widowed,High,7223,2022-12-30,137.12,Books,8569.0,2022-04-26,Inquiry,Unresolved,2023-02-19,34.0,Online Banking,0.0
24.0,F,Married,Medium,4609,2022-11-13,271.07,Clothing,2806.0,2022-07-07,Feedback,Resolved,2023-10-28,43.0,Mobile App,1.0
35.0,M,Single,Medium,7590,2022-06-18,266.03,Furniture,9389.0,2022-02-09,Inquiry,Resolved,2023-06-20,35.0,Mobile App,0.0
25.0,F,Single,Medium,8836,2022-08-14,433.71,Clothing,9261.0,2022-03-27,Feedback,Unresolved,2023-06-08,28.0,Website,0.0
38.0,M,Widowed,Medium,6301,2022-01-08,115.5,Groceries,3637.0,2022-04-27,Complaint,Unresolved,2023-12-06,31.0,Mobile App,0.0
43.0,M,Divorced,High,6483,2022-04-11,6.53,Books,4429.0,2022-10-05,Complaint,Unresolved,2023-05-27,30.0,Online Banking,0.0
20.0,F,Single,High,3645,2022-04-26,32.66,Electronics,2526.0,2022-10-07,Inquiry,Resolved,2023-10-13,32.0,Mobile App,0.0
34.0,F,Married,High,5571,2022-07-25,179.38,Books,3562.0,2022-08-07,Feedback,Resolved,2023-12-01,13.0,Website,0.0
68.0,M,Married,Low,9908,2022-04-25,116.1,Clothing,5088.0,2022-03-01,Complaint,Resolved,2023-09-08,41.0,Mobile App,0.0
63.0,F,Single,High,7121,2022-10-28,384.82,Furniture,9834.0,2022-05-09,Complaint,Unresolved,2023-05-11,34.0,Mobile App,0.0
41.0,M,Widowed,Low,1751,2022-03-07,8.02,Furniture,7292.0,2022-02-06,Feedback,Resolved,2023-09-08,8.0,Website,1.0
42.0,M,Widowed,Medium,7329,2022-08-20,32.98,Books,5959.0,2022-06-16,Inquiry,Unresolved,2023-07-13,42.0,Mobile App,0.0
22.0,M,Single,High,5521,2022-02-11,486.45,Books,2839.0,2022-11-25,Inquiry,Unresolved,2023-10-18,25.0,Online Banking,0.0
54.0,F,Married,High,4829,2022-04-12,80.42,Clothing,5125.0,2022-03-17,Complaint,Resolved,2023-04-20,33.0,Online Banking,0.0
62.0,F,Divorced,High,4349,2022-01-03,483.91,Groceries,5742.0,2022-08-11,Feedback,Resolved,2023-07-13,10.0,Online Banking,0.0
67.0,F,Married,High,2960,2022-09-20,287.91,Groceries,5976.0,2022-12-14,Inquiry,Resolved,2023-12-23,40.0,Website,0.0
41.0,M,Divorced,High,6694,2022-08-23,396.47,Groceries,7938.0,2022-07-01,Complaint,Resolved,2023-11-22,34.0,Mobile App,0.0
48.0,M,Divorced,Medium,1826,2022-12-09,432.99,Electronics,6475.0,2022-09-06,Feedback,Unresolved,2023-06-14,44.0,Website,0.0
43.0,M,Single,High,4395,2022-08-03,78.22,Groceries,2495.0,2022-07-08,Complaint,Resolved,2023-01-10,33.0,Website,0.0
38.0,F,Widowed,Low,1765,2022-09-24,187.74,Clothing,6681.0,2022-10-23,Complaint,Unresolved,2023-03-13,5.0,Mobile App,0.0
51.0,M,Divorced,Low,4098,2022-06-03,407.1,Furniture,6121.0,2022-05-04,Feedback,Unresolved,2023-02-24,45.0,Online Banking,0.0
55.0,F,Married,High,2216,2022-10-17,74.37,Furniture,5818.0,2022-12-14,Inquiry,Resolved,2023-07-15,27.0,Online Banking,0.0
41.0,F,Widowed,Low,3484,2022-07-17,400.48,Books,7448.0,2022-04-24,Feedback,Resolved,2023-04-09,8.0,Online Banking,1.0
45.0,F,Widowed,High,4790,2022-10-11,43.8,Books,8928.0,2022-09-30,Feedback,Unresolved,2023-04-17,7.0,Online Banking,0.0
47.0,F,Married,Medium,8953,2022-11-25,359.19,Groceries,2443.0,2022-03-04,Feedback,Resolved,2023-12-11,22.0,Website,0.0
51.0,F,Single,Low,4477,2022-12-10,182.01,Electronics,6415.0,2022-07-18,Complaint,Resolved,2023-11-14,46.0,Website,0.0
69.0,M,Widowed,High,3635,2022-06-02,138.08,Groceries,8612.0,2022-06-03,Feedback,Unresolved,2023-06-25,28.0,Online Banking,1.0
69.0,M,Divorced,Low,4804,2022-11-18,124.99,Books,4743.0,2022-12-03,Feedback,Resolved,2023-12-17,9.0,Website,0.0
40.0,M,Married,High,3096,2022-12-29,296.87,Furniture,4169.0,2022-04-09,Complaint,Resolved,2023-12-23,31.0,Online Banking,0.0
25.0,M,Divorced,Low,9324,2022-05-04,386.49,Furniture,6532.0,2022-02-20,Inquiry,Unresolved,2023-10-24,4.0,Mobile App,1.0
59.0,F,Married,Medium,4576,2022-07-03,430.25,Electronics,3217.0,2022-06-28,Complaint,Unresolved,2023-06-09,5.0,Website,1.0
67.0,F,Married,Low,6014,2022-02-09,123.78,Furniture,2148.0,2022-10-27,Feedback,Unresolved,2023-01-10,13.0,Mobile App,0.0
27.0,F,Widowed,Low,6092,2022-08-12,229.9,Groceries,7332.0,2022-05-06,Inquiry,Resolved,2023-12-30,6.0,Mobile App,0.0
18.0,M,Married,Low,8565,2022-11-07,323.59,Clothing,3982.0,2022-11-19,Complaint,Unresolved,2023-01-17,23.0,Online Banking,0.0
37.0,M,Widowed,Low,2071,2022-08-24,161.84,Electronics,3301.0,2022-10-22,Inquiry,Resolved,2023-03-15,47.0,Online Banking,0.0
54.0,F,Married,High,8313,2022-09-11,398.53,Furniture,4379.0,2022-07-27,Feedback,Unresolved,2023-05-08,35.0,Mobile App,0.0
35.0,M,Widowed,Medium,7627,2022-04-26,155.12,Furniture,4651.0,2022-12-24,Inquiry,Resolved,2023-01-30,34.0,Mobile App,0.0
38.0,M,Widowed,Medium,3651,2022-01-14,134.58,Groceries,5002.0,2022-04-19,Inquiry,Unresolved,2023-11-20,38.0,Online Banking,0.0
66.0,M,Single,Low,5912,2022-11-04,243.02,Electronics,2978.0,2022-11-23,Feedback,Resolved,2023-07-16,34.0,Mobile App,1.0
21.0,F,Widowed,Low,9864,2022-06-22,286.81,Clothing,3695.0,2022-04-22,Inquiry,Unresolved,2023-09-03,11.0,Website,0.0
60.0,M,Widowed,Medium,7806,2022-09-14,87.76,Books,9352.0,2022-05-21,Complaint,Unresolved,2023-06-09,6.0,Website,1.0
19.0,F,Widowed,Medium,7679,2022-11-11,141.59,Electronics,4274.0,2022-10-11,Inquiry,Resolved,2023-07-19,32.0,Website,0.0
38.0,M,Single,Medium,1228,2022-01-25,23.13,Books,6835.0,2022-07-27,Complaint,Unresolved,2023-01-25,35.0,Website,1.0
54.0,F,Divorced,Medium,3242,2022-05-17,475.22,Groceries,5051.0,2022-06-18,Complaint,Unresolved,2023-03-23,34.0,Mobile App,0.0
22.0,M,Divorced,Low,7564,2022-03-08,192.43,Clothing,5487.0,2022-04-17,Complaint,Resolved,2023-04-13,43.0,Mobile App,0.0
34.0,M,Single,Medium,6756,2022-10-08,147.43,Electronics,6405.0,2022-07-30,Feedback,Resolved,2023-09-15,28.0,Mobile App,0.0
66.0,F,Widowed,Low,1300,2022-11-09,51.54,Groceries,7578.0,2022-03-20,Complaint,Unresolved,2023-08-18,5.0,Online Banking,0.0
65.0,F,Widowed,Low,4403,2022-12-27,370.31,Clothing,8082.0,2022-03-20,Complaint,Unresolved,2023-10-11,34.0,Mobile App,0.0
28.0,F,Married,Medium,9315,2022-11-26,271.57,Groceries,8393.0,2022-08-07,Feedback,Unresolved,2023-06-14,33.0,Mobile App,1.0
63.0,M,Divorced,High,5638,2022-02-17,453.32,Groceries,5612.0,2022-04-24,Feedback,Unresolved,2023-11-23,12.0,Online Banking,0.0
58.0,F,Widowed,Low,7453,2022-09-06,13.36,Clothing,5935.0,2022-07-29,Feedback,Unresolved,2023-02-28,40.0,Online Banking,0.0
48.0,M,Widowed,Medium,2345,2022-06-08,492.35,Groceries,4460.0,2022-01-14,Feedback,Unresolved,2023-11-30,44.0,Website,1.0
45.0,F,Divorced,Low,7281,2022-03-09,132.38,Clothing,5072.0,2022-01-24,Feedback,Unresolved,2023-01-06,38.0,Online Banking,0.0
61.0,M,Widowed,High,5234,2022-02-17,413.93,Electronics,7025.0,2022-07-23,Inquiry,Unresolved,2023-08-29,44.0,Online Banking,0.0
49.0,M,Single,Medium,7534,2022-11-23,119.17,Furniture,8339.0,2022-04-18,Feedback,Resolved,2023-10-08,12.0,Mobile App,0.0
38.0,M,Widowed,Low,2307,2022-10-22,481.44,Groceries,5480.0,2022-07-01,Inquiry,Unresolved,2023-01-07,37.0,Online Banking,0.0
24.0,F,Widowed,High,5515,2022-11-24,455.56,Electronics,8670.0,2022-02-02,Inquiry,Unresolved,2023-12-29,1.0,Website,0.0
27.0,M,Divorced,High,4651,2022-12-30,427.48,Groceries,5084.0,2022-03-19,Feedback,Unresolved,2023-08-30,40.0,Mobile App,0.0
45.0,F,Single,Low,5405,2022-10-20,436.92,Clothing,2239.0,2022-06-26,Complaint,Resolved,2023-06-28,5.0,Website,1.0
65.0,M,Married,Medium,6032,2022-07-31,469.32,Furniture,8210.0,2022-01-19,Inquiry,Unresolved,2023-11-30,2.0,Mobile App,0.0
53.0,M,Divorced,Medium,4436,2022-01-01,230.4,Electronics,9812.0,2022-08-08,Inquiry,Unresolved,2023-11-22,46.0,Online Banking,0.0
37.0,M,Married,Low,3245,2022-05-24,88.35,Books,5957.0,2022-06-15,Complaint,Resolved,2023-04-15,25.0,Online Banking,0.0
30.0,M,Married,High,2313,2022-02-02,149.95,Electronics,7829.0,2022-06-29,Complaint,Resolved,2023-09-20,38.0,Mobile App,0.0
36.0,F,Single,High,3079,2022-03-22,306.25,Furniture,6004.0,2022-10-17,Inquiry,Resolved,2023-12-07,25.0,Website,0.0
67.0,M,Married,High,5276,2022-03-09,244.38,Furniture,6276.0,2022-09-15,Feedback,Unresolved,2023-11-04,48.0,Mobile App,0.0
28.0,M,Single,High,1470,2022-06-23,303.76,Clothing,6397.0,2022-06-21,Feedback,Resolved,2023-06-23,22.0,Mobile App,0.0
52.0,F,Widowed,Low,5560,2022-12-20,68.4,Books,7765.0,2022-01-10,Feedback,Unresolved,2023-08-10,1.0,Online Banking,1.0
51.0,M,Single,High,3870,2022-12-19,128.84,Electronics,7498.0,2022-04-21,Inquiry,Resolved,2023-10-15,25.0,Online Banking,1.0
61.0,F,Divorced,Low,5785,2022-12-08,407.66,Clothing,7122.0,2022-03-14,Feedback,Resolved,2023-10-21,33.0,Online Banking,0.0
21.0,F,Married,Medium,5032,2022-10-21,125.87,Electronics,6860.0,2022-01-30,Feedback,Resolved,2023-08-08,22.0,Website,1.0
30.0,M,Single,Medium,3038,2022-02-11,127.1,Electronics,6304.0,2022-11-07,Feedback,Unresolved,2023-07-04,31.0,Mobile App,1.0
54.0,M,Divorced,High,9209,2022-01-27,483.57,Groceries,5926.0,2022-11-14,Inquiry,Resolved,2023-02-12,19.0,Online Banking,1.0
19.0,F,Single,High,6432,2022-03-15,468.59,Electronics,5106.0,2022-02-12,Complaint,Resolved,2023-08-02,48.0,Mobile App,0.0
67.0,F,Married,High,3713,2022-04-25,124.52,Furniture,3186.0,2022-08-03,Feedback,Unresolved,2023-06-18,18.0,Online Banking,0.0
18.0,F,Married,Medium,6388,2022-05-11,397.53,Electronics,8273.0,2022-11-08,Inquiry,Resolved,2023-07-23,1.0,Mobile App,0.0
57.0,F,Divorced,Low,3067,2022-06-13,403.16,Clothing,4133.0,2022-09-27,Inquiry,Unresolved,2023-01-06,19.0,Online Banking,0.0
42.0,F,Divorced,Low,2659,2022-01-31,289.24,Furniture,2626.0,2022-09-07,Feedback,Resolved,2023-12-28,14.0,Mobile App,1.0
54.0,F,Divorced,Low,2049,2022-11-02,121.88,Clothing,4818.0,2022-02-20,Feedback,Unresolved,2023-01-11,11.0,Online Banking,0.0
53.0,F,Divorced,High,9271,2022-11-10,444.57,Furniture,5013.0,2022-12-28,Inquiry,Resolved,2023-09-25,8.0,Mobile App,1.0
23.0,F,Divorced,Low,2777,2022-08-05,281.05,Groceries,8620.0,2022-11-07,Complaint,Resolved,2023-06-09,18.0,Mobile App,0.0
24.0,M,Married,High,4791,2022-08-11,366.4,Groceries,6442.0,2022-04-21,Inquiry,Unresolved,2023-07-16,9.0,Mobile App,0.0
21.0,F,Widowed,Medium,4838,2022-05-18,74.68,Furniture,7695.0,2022-01-27,Feedback,Resolved,2023-02-09,43.0,Website,1.0
52.0,M,Divorced,Low,7601,2022-09-30,242.17,Clothing,2728.0,2022-04-07,Complaint,Unresolved,2023-09-15,28.0,Website,0.0
58.0,M,Widowed,High,5648,2022-12-20,43.61,Furniture,2692.0,2022-05-28,Complaint,Unresolved,2023-08-22,11.0,Mobile App,0.0
51.0,F,Divorced,Low,7796,2022-01-10,131.3,Furniture,5421.0,2022-01-07,Complaint,Resolved,2023-10-30,49.0,Online Banking,0.0
46.0,F,Divorced,Medium,7469,2022-02-05,244.22,Clothing,7102.0,2022-02-02,Feedback,Unresolved,2023-12-07,41.0,Website,0.0
22.0,M,Divorced,Low,3811,2022-11-29,499.56,Groceries,7055.0,2022-04-03,Complaint,Unresolved,2023-02-14,30.0,Online Banking,0.0
44.0,M,Married,Low,8035,2022-09-19,213.51,Clothing,7995.0,2022-06-06,Feedback,Unresolved,2023-12-28,44.0,Online Banking,0.0
50.0,F,Widowed,Medium,7326,2022-02-23,9.93,Furniture,8923.0,2022-05-14,Complaint,Unresolved,2023-05-16,27.0,Online Banking,0.0
63.0,F,Married,High,4417,2022-10-28,267.23,Books,5618.0,2022-03-19,Complaint,Resolved,2023-05-18,26.0,Online Banking,0.0
69.0,F,Single,High,1970,2022-04-01,101.29,Groceries,4409.0,2022-01-26,Inquiry,Unresolved,2023-12-06,49.0,Mobile App,1.0
27.0,F,Divorced,High,3653,2022-11-26,469.37,Clothing,4112.0,2022-05-18,Complaint,Unresolved,2023-11-09,12.0,Online Banking,1.0
23.0,M,Divorced,Low,8267,2022-10-03,481.43,Furniture,6898.0,2022-09-18,Complaint,Unresolved,2023-10-22,38.0,Website,0.0
51.0,M,Widowed,Low,7775,2022-10-18,365.58,Books,9915.0,2022-11-26,Inquiry,Resolved,2023-10-29,27.0,Mobile App,0.0
25.0,M,Married,High,1362,2022-06-21,128.73,Clothing,2491.0,2022-08-20,Inquiry,Unresolved,2023-08-16,37.0,Mobile App,0.0
48.0,M,Married,High,8924,2022-01-28,284.74,Furniture,3705.0,2022-10-24,Complaint,Unresolved,2023-06-26,17.0,Mobile App,0.0
26.0,M,Married,Low,9966,2022-01-29,312.51,Electronics,2700.0,2022-01-06,Complaint,Resolved,2023-11-10,46.0,Mobile App,0.0
38.0,M,Divorced,High,7449,2022-12-24,15.53,Groceries,2149.0,2022-04-30,Feedback,Unresolved,2023-05-27,9.0,Online Banking,1.0
25.0,M,Widowed,High,6151,2022-03-07,183.84,Books,3793.0,2022-04-23,Inquiry,Resolved,2023-06-13,6.0,Online Banking,0.0
21.0,F,Single,Low,1100,2022-10-26,129.28,Clothing,2916.0,2022-07-10,Complaint,Unresolved,2023-09-22,13.0,Mobile App,0.0
39.0,F,Single,Medium,6599,2022-06-18,348.8,Books,8746.0,2022-06-01,Complaint,Resolved,2023-01-17,6.0,Online Banking,0.0
45.0,F,Married,Low,6421,2022-07-29,301.71,Clothing,7731.0,2022-08-28,Inquiry,Resolved,2023-09-22,38.0,Mobile App,0.0
62.0,F,Widowed,High,9278,2022-11-13,356.25,Electronics,4466.0,2022-06-05,Complaint,Resolved,2023-07-07,4.0,Mobile App,0.0
21.0,M,Married,High,3172,2022-10-20,65.04,Books,5602.0,2022-05-18,Complaint,Unresolved,2023-08-25,16.0,Online Banking,1.0
56.0,M,Married,Medium,1946,2022-10-09,262.74,Furniture,4994.0,2022-01-31,Feedback,Resolved,2023-02-21,36.0,Website,0.0
38.0,F,Married,Medium,7141,2022-01-16,350.44,Books,2189.0,2022-09-11,Feedback,Unresolved,2023-10-08,43.0,Website,1.0
25.0,M,Single,Low,1161,2022-12-29,223.78,Clothing,3818.0,2022-09-03,Feedback,Resolved,2023-02-10,14.0,Online Banking,0.0
37.0,M,Single,Medium,4437,2022-01-20,188.01,Furniture,4443.0,2022-08-09,Feedback,Unresolved,2023-01-22,29.0,Website,0.0
49.0,M,Married,High,4339,2022-12-25,338.38,Books,2423.0,2022-11-24,Inquiry,Unresolved,2023-11-29,24.0,Website,0.0
18.0,M,Widowed,High,4757,2022-07-29,213.16,Electronics,2443.0,2022-03-21,Feedback,Resolved,2023-09-02,39.0,Mobile App,0.0
23.0,F,Single,High,2138,2022-07-10,470.73,Books,8260.0,2022-12-12,Feedback,Resolved,2023-12-30,39.0,Online Banking,0.0
45.0,F,Married,High,3798,2022-10-15,101.31,Clothing,2273.0,2022-01-13,Feedback,Unresolved,2023-01-03,45.0,Mobile App,0.0
61.0,F,Single,Medium,5709,2022-01-24,27.17,Electronics,2578.0,2022-09-11,Complaint,Unresolved,2023-02-05,25.0,Website,0.0
48.0,F,Divorced,High,3913,2022-01-31,441.91,Furniture,6450.0,2022-01-21,Complaint,Unresolved,2023-11-24,46.0,Website,0.0
27.0,M,Divorced,High,8553,2022-01-15,479.5,Furniture,9783.0,2022-08-01,Feedback,Resolved,2023-09-25,46.0,Mobile App,0.0
37.0,F,Single,High,8177,2022-10-19,100.23,Books,7789.0,2022-01-16,Feedback,Unresolved,2023-11-09,3.0,Website,0.0
25.0,M,Married,Low,5364,2022-11-05,393.41,Furniture,3290.0,2022-09-19,Complaint,Unresolved,2023-02-09,42.0,Online Banking,0.0
39.0,F,Single,Low,7749,2022-12-04,147.57,Clothing,4173.0,2022-11-12,Inquiry,Unresolved,2023-12-02,27.0,Online Banking,0.0
55.0,M,Widowed,High,8373,2022-08-03,288.3,Clothing,5834.0,2022-07-20,Feedback,Unresolved,2023-10-24,12.0,Online Banking,0.0
46.0,F,Married,Medium,6358,2022-09-28,42.8,Books,7752.0,2022-02-07,Inquiry,Resolved,2023-08-15,43.0,Website,0.0
26.0,M,Married,Medium,5163,2022-01-05,146.51,Groceries,7777.0,2022-12-19,Feedback,Unresolved,2023-12-20,2.0,Mobile App,1.0
61.0,M,Married,Low,6643,2022-03-02,476.62,Electronics,3095.0,2022-08-02,Inquiry,Resolved,2023-10-22,38.0,Online Banking,0.0
64.0,M,Married,Low,2762,2022-11-14,288.43,Electronics,8689.0,2022-09-17,Feedback,Unresolved,2023-05-13,26.0,Online Banking,1.0
18.0,M,Widowed,Medium,3612,2022-05-03,349.64,Books,4948.0,2022-07-10,Feedback,Unresolved,2023-06-12,29.0,Mobile App,0.0
58.0,M,Single,Low,8573,2022-05-31,37.93,Furniture,6687.0,2022-01-01,Complaint,Resolved,2023-06-06,45.0,Online Banking,0.0
69.0,M,Single,Low,5785,2022-08-29,150.08,Books,7564.0,2022-09-02,Complaint,Unresolved,2023-04-22,30.0,Website,1.0
56.0,M,Divorced,High,4934,2022-03-18,275.8,Electronics,7122.0,2022-02-06,Complaint,Unresolved,2023-06-15,38.0,Online Banking,0.0
43.0,M,Married,Medium,8039,2022-08-27,60.98,Clothing,6882.0,2022-06-04,Complaint,Unresolved,2023-11-27,41.0,Online Banking,0.0
28.0,M,Divorced,High,1006,2022-09-22,128.83,Clothing,4983.0,2022-08-12,Inquiry,Resolved,2023-08-16,32.0,Online Banking,0.0
69.0,F,Widowed,Low,6049,2022-05-10,76.68,Books,7682.0,2022-09-07,Complaint,Resolved,2023-11-22,38.0,Online Banking,0.0
52.0,F,Single,Low,3766,2022-02-24,364.59,Books,3594.0,2022-09-04,Complaint,Resolved,2023-08-04,21.0,Mobile App,0.0
41.0,F,Single,Low,9199,2022-08-31,234.95,Electronics,9554.0,2022-08-19,Complaint,Resolved,2023-04-25,8.0,Website,0.0
50.0,F,Married,Low,3877,2022-02-20,157.45,Books,7189.0,2022-12-22,Complaint,Unresolved,2023-01-26,6.0,Website,0.0
37.0,F,Single,Medium,9866,2022-12-20,185.09,Books,7293.0,2022-12-04,Inquiry,Resolved,2023-01-23,4.0,Website,0.0
44.0,M,Widowed,Medium,6794,2022-07-22,136.24,Electronics,4572.0,2022-06-30,Feedback,Unresolved,2023-04-01,17.0,Mobile App,1.0
32.0,F,Widowed,Medium,8083,2022-09-25,349.28,Furniture,3549.0,2022-01-03,Complaint,Unresolved,2023-07-10,21.0,Mobile App,0.0
50.0,F,Married,Medium,4729,2022-12-27,236.46,Electronics,5241.0,2022-03-30,Feedback,Resolved,2023-12-21,4.0,Website,1.0
69.0,M,Divorced,High,6313,2022-04-16,212.02,Clothing,2434.0,2022-11-01,Feedback,Resolved,2023-04-25,35.0,Website,1.0
24.0,F,Married,High,7620,2022-12-18,405.37,Electronics,4107.0,2022-12-23,Feedback,Resolved,2023-04-23,30.0,Mobile App,0.0
51.0,F,Widowed,High,4332,2022-09-15,158.16,Electronics,8568.0,2022-05-13,Feedback,Unresolved,2023-05-23,27.0,Online Banking,1.0
62.0,M,Single,Low,6409,2022-06-11,310.94,Clothing,4076.0,2022-01-19,Complaint,Unresolved,2023-12-01,12.0,Website,0.0
68.0,F,Single,Medium,6213,2022-02-26,333.37,Furniture,3871.0,2022-04-21,Feedback,Resolved,2023-03-25,48.0,Mobile App,0.0
63.0,F,Single,Medium,8464,2022-09-02,346.98,Books,7222.0,2022-10-29,Inquiry,Resolved,2023-10-18,20.0,Online Banking,0.0
59.0,M,Widowed,Medium,2196,2022-01-25,70.57,Clothing,6539.0,2022-06-04,Inquiry,Unresolved,2023-02-15,40.0,Online Banking,0.0
22.0,M,Divorced,High,7844,2022-02-01,312.99,Clothing,5265.0,2022-07-11,Feedback,Resolved,2023-11-07,44.0,Online Banking,0.0
47.0,M,Married,Low,7118,2022-05-26,275.22,Groceries,2621.0,2022-10-21,Complaint,Resolved,2023-04-08,41.0,Online Banking,0.0
45.0,M,Divorced,Low,2288,2022-10-31,215.99,Groceries,5938.0,2022-08-24,Complaint,Resolved,2023-11-14,33.0,Online Banking,1.0
35.0,F,Single,Low,5271,2022-11-04,255.14,Electronics,6866.0,2022-10-30,Feedback,Unresolved,2023-04-01,10.0,Website,0.0
53.0,F,Married,High,4564,2022-07-10,380.8,Groceries,9434.0,2022-03-14,Feedback,Unresolved,2023-11-21,5.0,Mobile App,1.0
20.0,F,Widowed,Medium,6395,2022-06-14,157.43,Books,5071.0,2022-09-30,Feedback,Resolved,2023-04-20,11.0,Mobile App,1.0
38.0,M,Widowed,High,3793,2022-11-04,353.31,Clothing,4840.0,2022-08-06,Complaint,Unresolved,2023-10-14,21.0,Mobile App,0.0
63.0,F,Divorced,Medium,5045,2022-03-15,61.45,Furniture,4781.0,2022-09-14,Inquiry,Resolved,2023-04-23,20.0,Online Banking,0.0
33.0,M,Married,Low,5469,2022-11-08,58.03,Books,7290.0,2022-08-30,Feedback,Unresolved,2023-02-03,44.0,Mobile App,0.0
54.0,F,Single,Medium,9762,2022-06-08,364.93,Books,8905.0,2022-06-05,Feedback,Unresolved,2023-01-04,9.0,Online Banking,0.0
59.0,M,Divorced,Low,9872,2022-05-09,142.75,Electronics,9871.0,2022-07-21,Feedback,Unresolved,2023-06-09,30.0,Mobile App,0.0
22.0,F,Widowed,Low,3065,2022-09-21,453.15,Electronics,4200.0,2022-09-21,Complaint,Resolved,2023-04-23,48.0,Online Banking,0.0
67.0,F,Married,Low,4711,2022-12-29,54.9,Books,7410.0,2022-12-02,Complaint,Resolved,2023-06-07,4.0,Mobile App,0.0
68.0,M,Married,Medium,1409,2022-12-05,95.03,Groceries,7990.0,2022-06-18,Feedback,Unresolved,2023-10-17,9.0,Website,0.0
31.0,M,Widowed,High,1783,2022-08-02,27.84,Furniture,5828.0,2022-07-24,Complaint,Unresolved,2023-07-09,40.0,Online Banking,0.0
48.0,M,Single,Low,8410,2022-11-22,109.55,Furniture,3771.0,2022-06-18,Complaint,Unresolved,2023-12-16,3.0,Website,0.0
63.0,F,Single,Medium,7618,2022-10-01,492.28,Books,6303.0,2022-03-23,Feedback,Resolved,2023-11-22,38.0,Online Banking,0.0
41.0,F,Widowed,Low,8738,2022-02-18,325.01,Clothing,3755.0,2022-04-23,Feedback,Resolved,2023-09-11,25.0,Website,0.0
52.0,M,Widowed,Medium,6196,2022-02-19,118.33,Groceries,5185.0,2022-07-13,Inquiry,Resolved,2023-05-13,37.0,Mobile App,1.0
53.0,M,Single,High,5479,2022-06-07,491.19,Groceries,5573.0,2022-03-12,Feedback,Unresolved,2023-06-16,30.0,Mobile App,0.0
27.0,M,Divorced,Low,3225,2022-03-21,433.38,Electronics,9373.0,2022-12-18,Inquiry,Resolved,2023-05-06,31.0,Website,0.0
44.0,M,Divorced,Low,7671,2022-12-16,467.17,Books,3755.0,2022-06-11,Inquiry,Unresolved,2023-01-13,17.0,Mobile App,1.0
44.0,F,Married,Low,5530,2022-05-04,318.36,Clothing,5610.0,2022-02-05,Complaint,Resolved,2023-10-03,10.0,Website,0.0
40.0,M,Married,High,2140,2022-08-16,49.64,Furniture,7400.0,2022-07-07,Inquiry,Resolved,2023-01-16,8.0,Mobile App,1.0
30.0,M,Divorced,Medium,2028,2022-07-23,341.2,Groceries,2766.0,2022-11-19,Complaint,Unresolved,2023-01-14,2.0,Mobile App,0.0
33.0,F,Married,Low,4942,2022-06-20,278.53,Groceries,5771.0,2022-08-27,Complaint,Unresolved,2023-12-21,32.0,Website,0.0
52.0,F,Divorced,Low,5971,2022-05-05,6.3,Electronics,9965.0,2022-08-09,Feedback,Resolved,2023-12-07,11.0,Mobile App,0.0
44.0,M,Married,High,3733,2022-09-16,439.75,Clothing,9640.0,2022-09-15,Feedback,Resolved,2023-10-11,10.0,Online Banking,0.0
69.0,F,Divorced,Medium,1539,2022-12-16,442.76,Electronics,2659.0,2022-12-25,Inquiry,Unresolved,2023-12-17,41.0,Online Banking,0.0
56.0,M,Married,High,3328,2022-06-20,375.92,Groceries,5885.0,2022-07-15,Feedback,Resolved,2023-08-26,32.0,Online Banking,0.0
64.0,F,Married,High,2028,2022-09-04,119.9,Groceries,3529.0,2022-10-26,Feedback,Resolved,2023-03-25,24.0,Mobile App,1.0
34.0,F,Divorced,Low,9285,2022-06-16,116.2,Furniture,3569.0,2022-07-21,Feedback,Unresolved,2023-08-11,7.0,Online Banking,0.0
65.0,M,Single,Medium,9725,2022-03-12,401.66,Books,3069.0,2022-05-27,Complaint,Resolved,2023-08-14,29.0,Online Banking,1.0
58.0,F,Divorced,Low,4455,2022-11-27,410.34,Electronics,8546.0,2022-11-08,Feedback,Resolved,2023-01-22,2.0,Online Banking,1.0
18.0,M,Divorced,Low,4509,2022-08-15,318.29,Books,9133.0,2022-05-05,Inquiry,Unresolved,2023-11-20,16.0,Mobile App,1.0
28.0,M,Widowed,High,5871,2022-05-11,226.06,Clothing,5900.0,2022-04-15,Complaint,Unresolved,2023-04-27,31.0,Online Banking,1.0
29.0,F,Single,High,9363,2022-10-13,317.32,Clothing,4936.0,2022-04-08,Feedback,Resolved,2023-02-25,12.0,Online Banking,0.0
31.0,F,Married,Low,3931,2022-07-22,494.01,Electronics,2500.0,2022-07-26,Feedback,Unresolved,2023-08-15,32.0,Online Banking,0.0
25.0,M,Single,High,2742,2022-08-30,374.94,Electronics,9490.0,2022-09-22,Complaint,Resolved,2023-10-01,47.0,Online Banking,0.0
48.0,F,Single,High,8788,2022-05-25,369.95,Groceries,3008.0,2022-11-16,Complaint,Unresolved,2023-04-12,41.0,Online Banking,0.0
24.0,F,Single,Medium,6779,2022-09-16,27.36,Furniture,9095.0,2022-09-05,Complaint,Unresolved,2023-11-19,18.0,Website,0.0
63.0,F,Widowed,Low,9243,2022-02-17,456.04,Clothing,3413.0,2022-08-13,Complaint,Resolved,2023-08-03,3.0,Mobile App,1.0
48.0,M,Widowed,Low,1694,2022-09-23,447.39,Clothing,8430.0,2022-07-31,Complaint,Unresolved,2023-02-27,16.0,Website,0.0
33.0,F,Married,Medium,2325,2022-09-21,215.41,Clothing,4253.0,2022-06-27,Complaint,Unresolved,2023-11-16,49.0,Website,1.0
59.0,F,Divorced,High,7034,2022-07-19,10.61,Clothing,7649.0,2022-08-13,Complaint,Resolved,2023-01-16,42.0,Website,0.0
56.0,M,Single,Medium,7108,2022-07-31,391.77,Groceries,8635.0,2022-03-13,Feedback,Resolved,2023-01-07,18.0,Online Banking,0.0
61.0,F,Married,Medium,9973,2022-08-13,208.23,Books,5713.0,2022-11-15,Feedback,Resolved,2023-08-17,44.0,Website,1.0
36.0,M,Married,Medium,4788,2022-06-20,403.3,Groceries,4946.0,2022-08-12,Feedback,Unresolved,2023-07-23,15.0,Website,0.0
25.0,M,Widowed,High,6692,2022-11-12,162.91,Groceries,4953.0,2022-02-05,Feedback,Resolved,2023-11-28,41.0,Online Banking,0.0
46.0,M,Divorced,Medium,5947,2022-10-18,318.24,Furniture,7286.0,2022-08-19,Feedback,Unresolved,2023-11-04,37.0,Online Banking,0.0
19.0,M,Divorced,Low,4729,2022-07-12,290.28,Groceries,6394.0,2022-02-19,Feedback,Resolved,2023-04-21,23.0,Mobile App,0.0
59.0,F,Widowed,High,5074,2022-02-26,86.67,Groceries,3744.0,2022-05-14,Inquiry,Resolved,2023-12-10,26.0,Online Banking,0.0
20.0,M,Single,Medium,5474,2022-08-15,478.44,Furniture,8300.0,2022-11-25,Feedback,Unresolved,2023-09-27,7.0,Online Banking,0.0
68.0,M,Widowed,Medium,8360,2022-11-02,488.18,Clothing,4639.0,2022-02-27,Complaint,Unresolved,2023-04-26,48.0,Online Banking,0.0
46.0,M,Married,Medium,7652,2022-06-05,166.5,Groceries,7124.0,2022-07-28,Feedback,Resolved,2023-04-30,21.0,Website,0.0
32.0,F,Widowed,Medium,5888,2022-12-31,89.47,Furniture,3499.0,2022-06-27,Inquiry,Unresolved,2023-03-30,29.0,Website,0.0
55.0,M,Divorced,Medium,7830,2022-12-21,58.39,Electronics,8892.0,2022-11-07,Inquiry,Unresolved,2023-11-24,45.0,Website,0.0
45.0,M,Single,Medium,4736,2022-05-06,482.75,Clothing,9322.0,2022-11-19,Inquiry,Unresolved,2023-06-15,7.0,Online Banking,1.0
54.0,M,Married,Low,9487,2022-03-26,147.45,Books,2781.0,2022-07-11,Feedback,Resolved,2023-08-15,6.0,Online Banking,0.0
49.0,M,Married,High,2264,2022-03-21,127.65,Groceries,5082.0,2022-11-26,Inquiry,Resolved,2023-09-17,27.0,Online Banking,1.0
47.0,M,Divorced,Low,3205,2022-11-29,115.9,Books,5994.0,2022-09-10,Feedback,Unresolved,2023-09-11,43.0,Mobile App,1.0
68.0,M,Widowed,Medium,2198,2022-04-05,391.42,Electronics,8485.0,2022-06-13,Feedback,Resolved,2023-06-28,46.0,Website,0.0
64.0,M,Married,Medium,3025,2022-11-07,160.81,Electronics,2189.0,2022-03-10,Inquiry,Unresolved,2023-02-23,17.0,Website,1.0
47.0,M,Widowed,Medium,5397,2022-03-29,182.65,Books,5580.0,2022-11-13,Complaint,Resolved,2023-03-11,24.0,Mobile App,0.0
68.0,M,Married,Low,2174,2022-08-21,389.5,Electronics,3859.0,2022-09-07,Inquiry,Unresolved,2023-08-11,28.0,Website,0.0
51.0,M,Divorced,Medium,7794,2022-10-05,450.67,Furniture,3926.0,2022-02-07,Inquiry,Unresolved,2023-07-01,26.0,Website,0.0
30.0,M,Married,Low,9015,2022-05-18,344.06,Books,7129.0,2022-07-22,Feedback,Unresolved,2023-08-30,38.0,Online Banking,1.0
50.0,M,Married,High,4027,2022-09-28,425.15,Groceries,7586.0,2022-03-27,Feedback,Unresolved,2023-05-17,26.0,Online Banking,0.0
59.0,F,Single,Low,6029,2022-05-05,401.03,Electronics,7201.0,2022-11-16,Inquiry,Unresolved,2023-05-18,40.0,Website,0.0
34.0,F,Married,Low,7714,2022-09-19,297.13,Clothing,3313.0,2022-06-10,Complaint,Unresolved,2023-03-30,1.0,Mobile App,0.0
20.0,M,Divorced,High,2185,2022-04-17,236.51,Electronics,7206.0,2022-03-17,Feedback,Unresolved,2023-02-19,19.0,Mobile App,0.0
26.0,F,Married,Medium,5524,2022-05-30,405.19,Books,2232.0,2022-07-26,Inquiry,Unresolved,2023-01-31,26.0,Mobile App,0.0
69.0,F,Divorced,Low,2515,2022-08-07,224.86,Clothing,4877.0,2022-12-19,Inquiry,Resolved,2023-07-10,35.0,Mobile App,0.0
28.0,F,Widowed,High,9483,2022-01-13,48.9,Electronics,5106.0,2022-07-07,Feedback,Resolved,2023-12-07,16.0,Online Banking,1.0
66.0,M,Divorced,Low,2234,2022-08-06,11.23,Groceries,7665.0,2022-09-24,Inquiry,Unresolved,2023-06-25,13.0,Mobile App,1.0
44.0,F,Widowed,Low,1351,2022-10-19,376.94,Groceries,4479.0,2022-08-30,Feedback,Unresolved,2023-09-25,10.0,Website,0.0
45.0,F,Married,High,1607,2022-05-20,230.72,Electronics,4658.0,2022-07-14,Complaint,Resolved,2023-08-13,8.0,Mobile App,0.0
19.0,M,Divorced,Low,5579,2022-04-01,309.14,Groceries,9844.0,2022-03-04,Inquiry,Unresolved,2023-10-12,27.0,Mobile App,0.0
18.0,F,Single,High,6035,2022-09-28,248.79,Electronics,9401.0,2022-02-28,Complaint,Resolved,2023-09-01,26.0,Mobile App,0.0
23.0,F,Divorced,Low,7318,2022-09-18,24.17,Furniture,5196.0,2022-10-18,Complaint,Unresolved,2023-04-12,3.0,Mobile App,0.0
42.0,F,Widowed,Medium,9575,2022-04-22,109.98,Groceries,7641.0,2022-06-12,Feedback,Resolved,2023-08-24,45.0,Online Banking,0.0
52.0,F,Widowed,High,8792,2022-01-04,333.98,Electronics,9947.0,2022-09-11,Feedback,Resolved,2023-06-15,36.0,Online Banking,0.0
33.0,M,Single,Medium,8033,2022-06-15,376.77,Groceries,5790.0,2022-10-18,Feedback,Unresolved,2023-10-22,41.0,Online Banking,0.0
21.0,F,Divorced,Low,9259,2022-08-29,75.54,Electronics,4825.0,2022-06-24,Feedback,Resolved,2023-10-19,8.0,Online Banking,0.0
64.0,M,Married,Medium,3449,2022-12-29,93.12,Groceries,9103.0,2022-05-10,Complaint,Unresolved,2023-06-03,32.0,Website,0.0
55.0,F,Divorced,High,4060,2022-04-14,159.17,Groceries,9361.0,2022-03-09,Feedback,Resolved,2023-11-06,19.0,Website,0.0
61.0,F,Divorced,Low,7650,2022-02-11,369.06,Furniture,4008.0,2022-09-17,Inquiry,Unresolved,2023-04-02,12.0,Online Banking,0.0
37.0,F,Divorced,High,3020,2022-03-21,478.02,Electronics,6566.0,2022-09-15,Complaint,Resolved,2023-02-28,45.0,Online Banking,0.0
42.0,F,Single,Low,9694,2022-06-11,213.92,Clothing,8374.0,2022-03-18,Complaint,Unresolved,2023-04-01,45.0,Mobile App,0.0
24.0,F,Single,Medium,4493,2022-06-19,256.79,Clothing,2102.0,2022-06-15,Feedback,Unresolved,2023-07-02,13.0,Mobile App,0.0
38.0,M,Single,Medium,1527,2022-02-24,69.09,Electronics,2421.0,2022-12-04,Feedback,Resolved,2023-01-23,44.0,Online Banking,1.0
24.0,M,Single,High,5781,2022-05-24,372.66,Books,2551.0,2022-03-14,Inquiry,Resolved,2023-06-07,48.0,Online Banking,0.0
46.0,M,Single,High,7708,2022-12-30,228.16,Books,2280.0,2022-06-11,Inquiry,Unresolved,2023-11-16,45.0,Mobile App,0.0
69.0,F,Married,Low,3945,2022-08-16,191.7,Furniture,9611.0,2022-12-16,Complaint,Unresolved,2023-07-05,7.0,Website,1.0
24.0,M,Divorced,High,2277,2022-06-19,431.47,Electronics,4494.0,2022-09-01,Feedback,Resolved,2023-04-22,47.0,Online Banking,0.0
20.0,F,Divorced,High,6080,2022-01-20,402.2,Furniture,5199.0,2022-02-07,Feedback,Unresolved,2023-08-31,47.0,Website,0.0
46.0,M,Married,Medium,2953,2022-08-07,234.41,Electronics,9789.0,2022-05-13,Complaint,Unresolved,2023-12-24,16.0,Website,0.0
46.0,M,Married,High,4173,2022-01-16,397.8,Books,4430.0,2022-08-16,Feedback,Resolved,2023-06-22,32.0,Mobile App,0.0
56.0,M,Married,High,9315,2022-08-19,352.46,Clothing,7821.0,2022-04-24,Complaint,Resolved,2023-09-14,9.0,Mobile App,1.0
55.0,F,Married,Low,3755,2022-02-28,120.37,Clothing,9411.0,2022-08-25,Feedback,Unresolved,2023-08-19,26.0,Online Banking,0.0
23.0,M,Single,Medium,6308,2022-08-25,498.24,Clothing,7239.0,2022-02-23,Complaint,Unresolved,2023-07-24,48.0,Mobile App,0.0
63.0,F,Divorced,Medium,7083,2022-05-18,461.47,Electronics,5133.0,2022-10-29,Complaint,Unresolved,2023-07-27,40.0,Website,1.0
27.0,M,Married,Low,2487,2022-10-10,337.7,Books,8699.0,2022-12-30,Complaint,Unresolved,2023-07-29,47.0,Website,0.0
54.0,F,Widowed,Medium,5098,2022-07-21,280.48,Electronics,8809.0,2022-03-08,Inquiry,Resolved,2023-11-24,20.0,Online Banking,0.0
31.0,F,Married,Low,7604,2022-03-27,198.5,Electronics,9203.0,2022-12-15,Feedback,Unresolved,2023-10-05,6.0,Website,0.0
39.0,F,Divorced,Low,3784,2022-02-27,461.27,Electronics,6673.0,2022-02-07,Complaint,Unresolved,2023-01-24,11.0,Mobile App,0.0
49.0,F,Widowed,High,6363,2022-07-22,356.74,Clothing,5134.0,2022-12-20,Inquiry,Resolved,2023-12-22,29.0,Online Banking,0.0
35.0,F,Married,High,6516,2022-03-02,207.97,Electronics,6616.0,2022-10-22,Complaint,Resolved,2023-01-11,7.0,Mobile App,1.0
53.0,F,Single,Low,2080,2022-02-20,493.64,Electronics,5070.0,2022-06-25,Feedback,Resolved,2023-06-24,29.0,Website,0.0
63.0,F,Single,High,2828,2022-04-26,46.89,Clothing,4167.0,2022-02-05,Feedback,Resolved,2023-10-01,43.0,Mobile App,0.0
69.0,F,Widowed,High,5613,2022-08-11,445.89,Groceries,9433.0,2022-03-31,Feedback,Resolved,2023-01-12,4.0,Online Banking,0.0
26.0,F,Single,Medium,3149,2022-09-12,88.04,Clothing,3478.0,2022-03-17,Complaint,Resolved,2023-02-09,24.0,Mobile App,1.0
43.0,F,Widowed,Medium,4218,2022-09-12,490.3,Clothing,8560.0,2022-02-23,Feedback,Resolved,2023-02-10,3.0,Website,1.0
39.0,M,Married,High,9358,2022-06-05,142.43,Furniture,5011.0,2022-03-20,Complaint,Unresolved,2023-07-11,12.0,Online Banking,0.0
63.0,F,Divorced,Low,6867,2022-04-29,472.91,Clothing,9377.0,2022-07-21,Inquiry,Resolved,2023-07-03,35.0,Website,0.0
55.0,M,Widowed,Low,9922,2022-06-26,151.5,Groceries,2155.0,2022-06-06,Inquiry,Resolved,2023-02-14,8.0,Mobile App,1.0
40.0,M,Married,High,1698,2022-12-04,426.75,Clothing,9685.0,2022-08-12,Complaint,Unresolved,2023-12-18,38.0,Online Banking,0.0
34.0,F,Widowed,High,7789,2022-09-20,485.11,Groceries,9351.0,2022-07-18,Complaint,Resolved,2023-01-18,41.0,Online Banking,0.0
43.0,M,Divorced,Low,5817,2022-03-13,323.48,Electronics,2293.0,2022-10-09,Complaint,Resolved,2023-12-31,38.0,Mobile App,1.0
64.0,F,Single,Medium,6950,2022-07-22,481.57,Electronics,4394.0,2022-07-20,Inquiry,Unresolved,2023-09-16,15.0,Mobile App,0.0
55.0,F,Single,Medium,3929,2022-05-31,345.04,Books,7667.0,2022-02-27,Inquiry,Resolved,2023-11-03,5.0,Website,0.0
19.0,M,Widowed,Low,4811,2022-06-16,306.78,Groceries,9620.0,2022-08-16,Feedback,Resolved,2023-05-16,40.0,Website,0.0
23.0,F,Divorced,High,6417,2022-11-30,157.67,Clothing,5775.0,2022-06-14,Inquiry,Unresolved,2023-03-27,16.0,Online Banking,0.0
24.0,M,Married,Medium,5059,2022-09-09,186.63,Books,6361.0,2022-02-20,Inquiry,Resolved,2023-01-02,46.0,Online Banking,0.0
30.0,M,Married,Low,3559,2022-07-24,395.87,Clothing,7578.0,2022-01-21,Inquiry,Resolved,2023-09-29,28.0,Website,0.0
44.0,M,Married,High,8867,2022-02-24,144.28,Books,8550.0,2022-01-16,Feedback,Resolved,2023-07-21,13.0,Mobile App,0.0
28.0,M,Widowed,High,7594,2022-03-08,198.99,Books,8931.0,2022-12-03,Feedback,Unresolved,2023-04-29,41.0,Website,0.0
32.0,F,Single,Medium,7641,2022-10-27,419.85,Electronics,7860.0,2022-12-01,Feedback,Resolved,2023-02-26,11.0,Website,0.0
26.0,F,Widowed,High,7659,2022-10-04,410.66,Books,3751.0,2022-07-07,Complaint,Resolved,2023-11-30,37.0,Mobile App,0.0
25.0,F,Widowed,Low,4987,2022-08-13,339.16,Furniture,2906.0,2022-04-19,Feedback,Resolved,2023-03-12,3.0,Website,0.0
63.0,M,Widowed,Low,6748,2022-07-06,75.7,Books,8308.0,2022-01-24,Feedback,Unresolved,2023-09-08,8.0,Mobile App,0.0
23.0,F,Married,Low,5978,2022-03-29,484.18,Books,4735.0,2022-10-19,Complaint,Unresolved,2023-06-02,38.0,Online Banking,0.0
65.0,M,Divorced,Low,8481,2022-12-18,459.0,Books,5884.0,2022-03-03,Feedback,Unresolved,2023-01-11,47.0,Mobile App,1.0
60.0,M,Widowed,High,6936,2022-07-07,249.26,Furniture,8574.0,2022-02-03,Feedback,Resolved,2023-05-03,34.0,Website,0.0
21.0,M,Married,Low,3616,2022-12-24,34.12,Clothing,3912.0,2022-07-19,Complaint,Resolved,2023-07-12,38.0,Mobile App,0.0
28.0,M,Widowed,Medium,9260,2022-11-25,405.03,Clothing,7353.0,2022-06-09,Feedback,Resolved,2023-12-16,42.0,Online Banking,0.0
68.0,M,Widowed,High,6299,2022-06-23,267.25,Electronics,5903.0,2022-10-14,Feedback,Unresolved,2023-01-30,24.0,Website,0.0
45.0,M,Married,High,1506,2022-09-18,418.07,Groceries,3747.0,2022-01-10,Feedback,Unresolved,2023-04-28,18.0,Website,0.0
43.0,F,Divorced,High,1075,2022-09-19,128.42,Furniture,4683.0,2022-05-23,Inquiry,Unresolved,2023-04-03,25.0,Website,0.0
21.0,F,Divorced,Low,4742,2022-01-25,186.82,Clothing,6251.0,2022-02-02,Feedback,Unresolved,2023-06-02,13.0,Website,0.0
32.0,F,Single,High,1709,2022-07-03,387.19,Clothing,6576.0,2022-04-07,Inquiry,Unresolved,2023-10-24,39.0,Website,0.0
36.0,M,Widowed,Low,4853,2022-10-04,489.82,Clothing,2633.0,2022-10-12,Complaint,Unresolved,2023-10-14,22.0,Mobile App,0.0
23.0,M,Single,Low,9099,2022-11-11,203.23,Books,8384.0,2022-06-26,Feedback,Resolved,2023-08-29,30.0,Online Banking,0.0
22.0,F,Married,High,7087,2022-11-27,346.68,Groceries,2125.0,2022-02-06,Feedback,Resolved,2023-08-13,30.0,Mobile App,0.0
35.0,F,Widowed,High,2891,2022-03-17,439.53,Groceries,4688.0,2022-02-23,Feedback,Resolved,2023-05-05,37.0,Website,0.0
23.0,F,Married,Low,3538,2022-05-26,78.65,Clothing,7909.0,2022-10-27,Feedback,Unresolved,2023-02-09,45.0,Mobile App,0.0
48.0,M,Single,High,8078,2022-12-03,13.04,Groceries,6224.0,2022-05-07,Feedback,Unresolved,2023-12-20,43.0,Website,0.0
42.0,F,Married,High,1795,2022-04-28,444.84,Books,9724.0,2022-03-20,Feedback,Resolved,2023-12-20,15.0,Online Banking,0.0
21.0,F,Married,Low,1642,2022-10-14,398.49,Furniture,2499.0,2022-11-15,Feedback,Unresolved,2023-12-16,35.0,Mobile App,0.0
23.0,M,Divorced,Low,2904,2022-08-05,174.35,Clothing,4922.0,2022-02-10,Inquiry,Unresolved,2023-01-15,6.0,Online Banking,1.0
58.0,M,Widowed,High,6669,2022-10-03,19.9,Clothing,6162.0,2022-08-17,Inquiry,Unresolved,2023-09-04,11.0,Mobile App,0.0
54.0,F,Widowed,Low,4900,2022-02-03,290.43,Books,2737.0,2022-06-24,Feedback,Resolved,2023-10-05,28.0,Website,0.0
67.0,F,Widowed,Low,4498,2022-04-08,129.94,Groceries,9596.0,2022-01-17,Inquiry,Unresolved,2023-03-03,30.0,Website,0.0
42.0,M,Married,Medium,6085,2022-04-21,87.74,Electronics,6144.0,2022-07-04,Feedback,Unresolved,2023-05-13,16.0,Mobile App,0.0
51.0,M,Divorced,High,7460,2022-12-13,32.37,Electronics,8742.0,2022-12-07,Feedback,Resolved,2023-05-25,28.0,Mobile App,0.0
36.0,M,Single,High,2246,2022-04-15,60.04,Books,7427.0,2022-06-14,Inquiry,Resolved,2023-10-07,25.0,Online Banking,0.0
51.0,M,Widowed,High,2168,2022-12-20,334.2,Furniture,2070.0,2022-01-25,Inquiry,Unresolved,2023-05-27,48.0,Online Banking,0.0
32.0,F,Married,High,3638,2022-08-12,22.57,Electronics,7109.0,2022-10-30,Complaint,Resolved,2023-06-22,30.0,Website,0.0
67.0,F,Divorced,High,1559,2022-04-21,177.93,Furniture,8721.0,2022-10-09,Complaint,Unresolved,2023-03-30,45.0,Online Banking,1.0
25.0,F,Divorced,Low,5427,2022-03-15,64.75,Furniture,3360.0,2022-07-23,Inquiry,Resolved,2023-07-28,14.0,Online Banking,0.0
61.0,F,Widowed,High,6908,2022-12-13,104.43,Groceries,2880.0,2022-02-26,Feedback,Resolved,2023-06-09,27.0,Website,0.0
64.0,F,Divorced,High,6940,2022-07-17,336.59,Furniture,4278.0,2022-01-18,Inquiry,Unresolved,2023-06-10,48.0,Website,0.0
66.0,M,Divorced,Medium,4209,2022-01-27,395.38,Groceries,6266.0,2022-02-02,Inquiry,Unresolved,2023-12-18,30.0,Mobile App,0.0
51.0,M,Married,Low,6279,2022-10-25,347.15,Electronics,7128.0,2022-03-22,Inquiry,Unresolved,2023-12-02,10.0,Online Banking,0.0
35.0,F,Single,High,5571,2022-06-09,185.34,Groceries,5166.0,2022-03-12,Complaint,Resolved,2023-02-06,20.0,Mobile App,1.0
47.0,M,Divorced,High,1151,2022-10-10,385.58,Groceries,8059.0,2022-12-11,Inquiry,Unresolved,2023-02-26,44.0,Online Banking,0.0
30.0,F,Single,High,7223,2022-07-14,246.37,Clothing,5939.0,2022-07-02,Feedback,Resolved,2023-08-21,7.0,Website,0.0
64.0,F,Divorced,High,5051,2022-03-06,485.08,Books,6486.0,2022-08-14,Feedback,Unresolved,2023-08-24,34.0,Website,0.0
50.0,F,Divorced,Low,5559,2022-08-15,432.79,Furniture,4803.0,2022-08-05,Complaint,Unresolved,2023-12-07,27.0,Website,0.0
52.0,F,Divorced,Medium,1392,2022-07-25,373.09,Books,7378.0,2022-03-28,Inquiry,Unresolved,2023-06-26,23.0,Online Banking,1.0
69.0,M,Widowed,Medium,7380,2022-08-08,243.07,Books,3860.0,2022-09-05,Feedback,Resolved,2023-11-04,46.0,Website,0.0
41.0,F,Widowed,High,7638,2022-07-15,73.02,Electronics,5245.0,2022-11-05,Complaint,Unresolved,2023-02-19,45.0,Website,0.0
43.0,F,Widowed,Medium,1803,2022-06-06,445.69,Clothing,4682.0,2022-08-19,Complaint,Unresolved,2023-08-09,25.0,Mobile App,0.0
64.0,F,Single,Medium,3117,2022-08-14,258.55,Electronics,2817.0,2022-07-03,Complaint,Resolved,2023-09-06,28.0,Mobile App,1.0
68.0,M,Single,Medium,1469,2022-01-14,118.45,Books,9748.0,2022-06-11,Complaint,Resolved,2023-08-07,18.0,Online Banking,0.0
61.0,F,Widowed,Medium,1349,2022-07-23,241.68,Books,5698.0,2022-03-08,Feedback,Resolved,2023-03-12,13.0,Website,0.0
59.0,M,Single,Medium,1685,2022-08-24,348.91,Electronics,9217.0,2022-02-17,Complaint,Resolved,2023-01-30,13.0,Online Banking,0.0
64.0,M,Married,Low,2502,2022-05-04,35.38,Clothing,9027.0,2022-10-01,Inquiry,Resolved,2023-01-07,45.0,Online Banking,0.0
18.0,F,Single,Low,2356,2022-06-07,388.8,Groceries,2229.0,2022-03-09,Complaint,Unresolved,2023-11-06,34.0,Mobile App,1.0
30.0,M,Married,Low,1543,2022-06-10,29.66,Books,8086.0,2022-01-26,Feedback,Unresolved,2023-04-28,14.0,Mobile App,1.0
27.0,M,Widowed,Medium,8897,2022-10-11,38.65,Groceries,3012.0,2022-02-16,Inquiry,Resolved,2023-02-15,28.0,Mobile App,0.0
36.0,F,Married,Low,1999,2022-09-26,430.59,Electronics,7159.0,2022-09-03,Complaint,Unresolved,2023-12-07,13.0,Online Banking,0.0
22.0,F,Widowed,Medium,3577,2022-02-25,177.59,Clothing,3080.0,2022-07-29,Feedback,Unresolved,2023-07-09,34.0,Website,0.0
25.0,M,Widowed,Medium,2154,2022-10-19,433.5,Clothing,2893.0,2022-05-26,Feedback,Resolved,2023-08-10,5.0,Mobile App,0.0
21.0,F,Widowed,Low,2410,2022-03-14,108.73,Books,4355.0,2022-12-28,Complaint,Resolved,2023-08-22,40.0,Mobile App,0.0
66.0,M,Single,High,4562,2022-01-14,213.27,Electronics,9885.0,2022-12-29,Feedback,Resolved,2023-05-26,10.0,Mobile App,0.0
30.0,F,Divorced,Medium,8093,2022-05-20,44.73,Books,3454.0,2022-07-23,Feedback,Resolved,2023-01-30,36.0,Website,0.0
55.0,F,Divorced,Medium,6384,2022-02-10,49.77,Furniture,8792.0,2022-08-25,Inquiry,Unresolved,2023-04-13,6.0,Online Banking,0.0
63.0,F,Married,Low,4119,2022-01-24,91.31,Groceries,2849.0,2022-11-03,Complaint,Resolved,2023-04-30,21.0,Online Banking,0.0
66.0,M,Divorced,Medium,3878,2022-06-25,154.69,Groceries,9257.0,2022-11-26,Feedback,Resolved,2023-07-07,35.0,Website,0.0
63.0,M,Widowed,Medium,2321,2022-01-21,40.42,Books,8305.0,2022-12-14,Inquiry,Unresolved,2023-11-24,16.0,Online Banking,0.0
36.0,M,Divorced,Medium,9638,2022-11-08,496.79,Groceries,2658.0,2022-07-01,Feedback,Unresolved,2023-08-01,20.0,Website,1.0
69.0,F,Married,Low,3317,2022-01-26,127.19,Books,7040.0,2022-05-19,Complaint,Resolved,2023-08-06,31.0,Mobile App,0.0
67.0,M,Widowed,High,7519,2022-04-20,434.22,Clothing,9300.0,2022-03-13,Inquiry,Unresolved,2023-09-22,5.0,Website,1.0
25.0,F,Single,High,4036,2022-11-09,493.54,Groceries,3725.0,2022-06-17,Feedback,Resolved,2023-07-24,6.0,Online Banking,0.0
44.0,F,Widowed,Low,8328,2022-04-30,325.98,Groceries,7110.0,2022-05-14,Feedback,Resolved,2023-07-17,2.0,Mobile App,0.0
67.0,M,Widowed,Medium,6512,2022-10-29,377.72,Clothing,5732.0,2022-03-09,Complaint,Unresolved,2023-10-19,39.0,Mobile App,0.0
64.0,F,Married,High,6553,2022-03-29,157.24,Furniture,6016.0,2022-12-14,Feedback,Resolved,2023-01-28,22.0,Mobile App,0.0
47.0,M,Single,Low,7760,2022-03-04,408.06,Electronics,6708.0,2022-09-10,Complaint,Resolved,2023-09-07,11.0,Mobile App,1.0
21.0,F,Widowed,Low,9615,2022-09-18,8.89,Books,5203.0,2022-10-31,Inquiry,Resolved,2023-08-10,15.0,Website,0.0
28.0,M,Single,Medium,9057,2022-02-23,29.7,Groceries,4575.0,2022-09-22,Feedback,Resolved,2023-08-09,13.0,Online Banking,0.0
38.0,F,Widowed,Medium,1484,2022-02-04,194.97,Furniture,2027.0,2022-02-17,Complaint,Resolved,2023-10-08,33.0,Online Banking,0.0
60.0,F,Widowed,Low,6267,2022-04-28,258.83,Clothing,9250.0,2022-01-01,Inquiry,Resolved,2023-09-10,46.0,Mobile App,0.0
19.0,M,Married,Low,5060,2022-05-20,191.97,Books,8596.0,2022-03-26,Complaint,Unresolved,2023-05-10,14.0,Website,0.0
38.0,M,Widowed,Low,8570,2022-10-21,378.87,Furniture,2202.0,2022-10-17,Feedback,Unresolved,2023-08-20,39.0,Online Banking,1.0
34.0,F,Widowed,High,6335,2022-03-30,25.75,Electronics,6780.0,2022-01-02,Inquiry,Unresolved,2023-09-20,2.0,Website,1.0
60.0,M,Widowed,Medium,3844,2022-01-22,169.4,Electronics,9943.0,2022-05-02,Complaint,Unresolved,2023-04-28,10.0,Website,0.0
68.0,F,Divorced,Low,7233,2022-12-13,326.0,Books,3634.0,2022-05-22,Inquiry,Resolved,2023-12-21,42.0,Website,1.0
46.0,F,Single,Medium,1609,2022-01-22,398.92,Groceries,4233.0,2022-12-19,Feedback,Unresolved,2023-08-06,30.0,Online Banking,0.0
44.0,F,Married,High,2762,2022-04-04,271.46,Furniture,5276.0,2022-06-30,Inquiry,Unresolved,2023-10-14,32.0,Website,0.0
41.0,F,Married,Low,2314,2022-11-18,50.47,Electronics,8904.0,2022-12-09,Feedback,Resolved,2023-05-23,9.0,Website,0.0
66.0,F,Married,Medium,9515,2022-07-09,217.0,Furniture,2133.0,2022-08-30,Complaint,Unresolved,2023-12-31,48.0,Online Banking,0.0
20.0,M,Widowed,High,2395,2022-04-14,196.98,Groceries,2146.0,2022-02-21,Feedback,Resolved,2023-02-09,16.0,Website,0.0
56.0,M,Single,Low,4643,2022-06-06,422.9,Books,2118.0,2022-09-24,Complaint,Unresolved,2023-12-29,39.0,Website,0.0
27.0,M,Divorced,Medium,5237,2022-03-30,349.33,Furniture,8759.0,2022-12-14,Inquiry,Resolved,2023-05-27,5.0,Mobile App,0.0
20.0,F,Divorced,Low,7539,2022-08-15,263.08,Clothing,3327.0,2022-03-31,Inquiry,Resolved,2023-01-03,46.0,Mobile App,1.0
62.0,M,Married,Medium,9662,2022-09-01,226.07,Electronics,8469.0,2022-09-11,Complaint,Unresolved,2023-05-28,15.0,Online Banking,0.0
59.0,M,Single,Medium,2148,2022-05-25,378.98,Groceries,6969.0,2022-03-29,Inquiry,Resolved,2023-09-05,4.0,Website,0.0
43.0,M,Divorced,High,9475,2022-08-02,367.1,Electronics,8743.0,2022-07-14,Feedback,Unresolved,2023-09-07,24.0,Mobile App,0.0
54.0,F,Married,High,9935,2022-07-03,399.28,Electronics,6927.0,2022-04-28,Feedback,Resolved,2023-11-14,25.0,Website,0.0
44.0,M,Divorced,High,1824,2022-06-20,82.91,Furniture,8967.0,2022-03-11,Feedback,Unresolved,2023-12-19,37.0,Website,0.0
22.0,M,Divorced,High,2755,2022-08-16,290.67,Books,2210.0,2022-03-24,Feedback,Resolved,2023-01-17,24.0,Website,0.0
59.0,M,Single,High,7628,2022-05-31,52.3,Clothing,5795.0,2022-08-04,Feedback,Resolved,2023-08-20,42.0,Online Banking,1.0
28.0,F,Married,Medium,1089,2022-09-16,259.3,Electronics,7390.0,2022-01-09,Feedback,Unresolved,2023-02-28,13.0,Mobile App,1.0
30.0,M,Divorced,High,1472,2022-12-07,313.26,Books,2929.0,2022-10-27,Complaint,Unresolved,2023-08-18,20.0,Online Banking,0.0
58.0,F,Widowed,Medium,6785,2022-02-14,492.32,Clothing,8153.0,2022-09-15,Complaint,Resolved,2023-02-10,5.0,Mobile App,0.0
51.0,F,Widowed,Medium,8556,2022-10-19,184.49,Books,8888.0,2022-07-21,Feedback,Resolved,2023-02-17,20.0,Online Banking,0.0
55.0,M,Divorced,Low,6458,2022-09-24,184.18,Furniture,6801.0,2022-05-09,Complaint,Resolved,2023-04-08,18.0,Online Banking,0.0
57.0,F,Single,Medium,4100,2022-05-01,303.76,Clothing,5445.0,2022-08-11,Feedback,Resolved,2023-03-09,39.0,Mobile App,1.0
50.0,M,Single,Medium,6751,2022-05-18,53.41,Furniture,5374.0,2022-03-02,Feedback,Resolved,2023-12-08,49.0,Website,0.0
51.0,F,Divorced,High,2435,2022-01-06,229.65,Books,8824.0,2022-11-12,Inquiry,Resolved,2023-05-22,3.0,Online Banking,0.0
44.0,M,Single,Medium,7049,2022-10-07,181.34,Clothing,8455.0,2022-05-15,Inquiry,Resolved,2023-08-21,44.0,Online Banking,0.0
53.0,M,Single,High,3404,2022-03-04,25.9,Furniture,9493.0,2022-12-20,Feedback,Unresolved,2023-10-20,31.0,Online Banking,0.0
43.0,F,Widowed,Medium,7392,2022-11-30,297.64,Electronics,4052.0,2022-08-22,Inquiry,Resolved,2023-12-17,30.0,Website,0.0
68.0,M,Married,Medium,7964,2022-11-20,488.7,Furniture,6457.0,2022-05-20,Complaint,Resolved,2023-03-23,41.0,Online Banking,0.0
42.0,F,Married,High,3678,2022-12-08,311.07,Books,8898.0,2022-04-25,Complaint,Resolved,2023-05-06,24.0,Website,0.0
36.0,M,Divorced,Low,4760,2022-01-14,118.19,Furniture,3549.0,2022-11-10,Feedback,Resolved,2023-09-08,5.0,Online Banking,0.0
38.0,F,Divorced,Medium,4303,2022-12-27,452.48,Books,9626.0,2022-01-13,Inquiry,Resolved,2023-06-19,20.0,Mobile App,0.0
48.0,F,Divorced,Medium,7065,2022-03-29,297.02,Electronics,4603.0,2022-03-25,Feedback,Resolved,2023-01-29,24.0,Mobile App,0.0
46.0,F,Widowed,High,8262,2022-11-06,449.96,Furniture,7499.0,2022-04-01,Feedback,Resolved,2023-12-31,17.0,Online Banking,1.0
26.0,F,Widowed,High,7157,2022-09-14,483.63,Groceries,6098.0,2022-01-30,Feedback,Unresolved,2023-02-04,8.0,Online Banking,0.0
36.0,F,Single,Low,9613,2022-03-23,148.79,Clothing,5458.0,2022-10-02,Inquiry,Resolved,2023-11-11,21.0,Website,0.0
43.0,M,Widowed,Low,9023,2022-12-14,152.24,Groceries,7105.0,2022-07-17,Complaint,Unresolved,2023-07-18,14.0,Mobile App,1.0
42.0,M,Married,Low,6410,2022-01-01,229.04,Furniture,4245.0,2022-02-20,Inquiry,Unresolved,2023-10-09,38.0,Online Banking,1.0
57.0,F,Widowed,Medium,6675,2022-12-21,143.19,Books,9532.0,2022-10-15,Inquiry,Resolved,2023-10-12,32.0,Online Banking,0.0
60.0,M,Divorced,Medium,2936,2022-01-27,388.28,Furniture,3737.0,2022-11-22,Feedback,Unresolved,2023-06-13,36.0,Online Banking,0.0
46.0,M,Married,High,6345,2022-04-28,210.19,Electronics,2615.0,2022-10-16,Inquiry,Resolved,2023-07-17,40.0,Website,0.0
42.0,F,Single,High,9625,2022-04-13,361.37,Books,2153.0,2022-06-09,Complaint,Resolved,2023-09-03,4.0,Mobile App,1.0
36.0,F,Married,High,8058,2022-05-21,167.09,Electronics,7775.0,2022-06-28,Complaint,Resolved,2023-08-22,21.0,Website,0.0
21.0,F,Widowed,Low,5613,2022-10-08,336.01,Furniture,9002.0,2022-10-22,Feedback,Resolved,2023-09-14,25.0,Mobile App,0.0
62.0,F,Widowed,Low,5383,2022-04-08,199.62,Books,7272.0,2022-04-16,Feedback,Unresolved,2023-11-21,45.0,Mobile App,0.0
37.0,M,Single,Low,4423,2022-01-15,266.32,Furniture,9209.0,2022-09-05,Complaint,Resolved,2023-07-21,1.0,Mobile App,0.0
63.0,M,Divorced,Medium,3840,2022-03-14,408.04,Groceries,7467.0,2022-06-21,Complaint,Resolved,2023-06-06,47.0,Mobile App,1.0
18.0,F,Single,Medium,1896,2022-08-27,356.13,Furniture,3097.0,2022-07-13,Feedback,Resolved,2023-08-26,13.0,Website,0.0
28.0,M,Single,High,9958,2022-12-15,428.65,Clothing,7000.0,2022-01-19,Complaint,Resolved,2023-01-03,16.0,Online Banking,0.0
21.0,M,Single,Low,5232,2022-10-07,20.04,Furniture,6970.0,2022-08-31,Inquiry,Resolved,2023-06-28,29.0,Mobile App,0.0
24.0,F,Single,Medium,5332,2022-04-03,85.25,Furniture,3646.0,2022-09-04,Feedback,Resolved,2023-06-24,39.0,Mobile App,0.0
45.0,M,Widowed,Low,4708,2022-05-28,64.69,Furniture,9448.0,2022-11-15,Complaint,Resolved,2023-08-04,29.0,Website,1.0
53.0,M,Divorced,Medium,1147,2022-12-22,122.82,Books,5389.0,2022-08-26,Feedback,Unresolved,2023-03-29,12.0,Mobile App,0.0
24.0,F,Married,Low,2517,2022-01-29,355.6,Clothing,6608.0,2022-05-30,Complaint,Resolved,2023-02-07,31.0,Website,0.0
37.0,M,Divorced,Medium,8090,2022-05-12,366.77,Books,9404.0,2022-01-29,Complaint,Unresolved,2023-10-31,20.0,Mobile App,0.0
52.0,M,Divorced,Medium,2093,2022-07-09,107.06,Clothing,2637.0,2022-06-06,Inquiry,Unresolved,2023-02-18,35.0,Online Banking,0.0
68.0,M,Single,Medium,9235,2022-11-10,302.03,Books,3534.0,2022-11-03,Inquiry,Resolved,2023-09-19,41.0,Mobile App,0.0
68.0,F,Divorced,Medium,1328,2022-03-07,20.97,Groceries,2747.0,2022-05-24,Complaint,Unresolved,2023-11-22,28.0,Online Banking,0.0
56.0,F,Single,High,3706,2022-07-03,173.08,Electronics,4664.0,2022-07-27,Feedback,Unresolved,2023-01-03,35.0,Mobile App,1.0
38.0,M,Married,Low,8500,2022-05-08,244.37,Books,6228.0,2022-06-28,Inquiry,Unresolved,2023-01-20,29.0,Website,0.0
61.0,F,Single,Medium,9810,2022-01-07,230.56,Groceries,5999.0,2022-04-23,Inquiry,Unresolved,2023-08-20,44.0,Mobile App,1.0
18.0,M,Married,Medium,1553,2022-04-04,426.22,Electronics,8783.0,2022-04-21,Inquiry,Unresolved,2023-01-29,39.0,Online Banking,0.0
54.0,F,Divorced,Low,3924,2022-09-21,446.7,Books,3563.0,2022-11-21,Complaint,Resolved,2023-09-23,29.0,Mobile App,0.0
63.0,M,Single,Medium,4065,2022-08-14,477.4,Furniture,3149.0,2022-09-20,Feedback,Resolved,2023-12-01,34.0,Website,0.0
59.0,F,Widowed,Medium,6724,2022-08-30,444.97,Groceries,8648.0,2022-09-18,Complaint,Resolved,2023-07-12,10.0,Mobile App,0.0
20.0,M,Married,Low,3654,2022-08-08,262.49,Clothing,2233.0,2022-08-26,Complaint,Resolved,2023-09-25,37.0,Online Banking,0.0
51.0,M,Divorced,High,8823,2022-09-17,435.24,Groceries,5610.0,2022-10-21,Feedback,Unresolved,2023-05-18,48.0,Website,0.0
30.0,F,Married,High,8106,2022-07-20,184.38,Furniture,7971.0,2022-01-24,Complaint,Resolved,2023-07-10,7.0,Mobile App,1.0
33.0,M,Single,Medium,6732,2022-05-19,131.59,Furniture,8385.0,2022-04-11,Feedback,Unresolved,2023-08-08,9.0,Website,0.0
51.0,M,Widowed,High,1232,2022-07-23,422.53,Electronics,2385.0,2022-08-05,Complaint,Resolved,2023-07-24,16.0,Website,0.0
41.0,F,Married,High,1428,2022-11-26,357.22,Furniture,2620.0,2022-12-26,Complaint,Resolved,2023-05-27,21.0,Mobile App,0.0
30.0,F,Married,Medium,8113,2022-01-07,441.8,Electronics,9892.0,2022-02-10,Inquiry,Resolved,2023-05-16,14.0,Website,0.0
23.0,M,Married,Medium,3565,2022-05-23,238.69,Electronics,8701.0,2022-07-17,Complaint,Resolved,2023-03-07,2.0,Online Banking,0.0
56.0,M,Divorced,High,8336,2022-10-10,257.99,Books,2963.0,2022-09-04,Inquiry,Resolved,2023-10-14,26.0,Online Banking,0.0
19.0,M,Widowed,Medium,2768,2022-09-29,109.41,Books,2801.0,2022-07-07,Feedback,Unresolved,2023-03-20,34.0,Website,0.0
28.0,F,Widowed,Medium,3427,2022-03-21,217.52,Electronics,3736.0,2022-05-27,Inquiry,Resolved,2023-06-10,47.0,Mobile App,0.0
24.0,F,Widowed,High,3899,2022-09-28,99.6,Furniture,7106.0,2022-10-16,Complaint,Unresolved,2023-12-26,49.0,Website,0.0
24.0,M,Married,Low,1975,2022-12-08,202.38,Clothing,2973.0,2022-11-09,Inquiry,Resolved,2023-12-20,18.0,Website,0.0
56.0,M,Married,High,5017,2022-04-18,457.32,Books,8533.0,2022-07-15,Complaint,Unresolved,2023-07-22,12.0,Website,0.0
56.0,M,Married,High,5483,2022-02-18,367.77,Books,3630.0,2022-05-30,Complaint,Unresolved,2023-12-15,19.0,Online Banking,1.0
29.0,M,Married,High,9939,2022-11-25,9.83,Books,7837.0,2022-01-28,Inquiry,Unresolved,2023-01-18,36.0,Website,0.0
68.0,F,Single,Medium,8026,2022-10-27,447.04,Books,8748.0,2022-11-29,Inquiry,Resolved,2023-09-16,38.0,Online Banking,0.0
39.0,M,Single,High,4844,2022-07-27,71.74,Books,5267.0,2022-12-13,Feedback,Unresolved,2023-04-30,16.0,Website,0.0
68.0,M,Divorced,Medium,2953,2022-08-13,135.1,Furniture,2045.0,2022-02-25,Feedback,Resolved,2023-10-20,46.0,Website,0.0
68.0,F,Married,Low,9408,2022-08-01,62.04,Groceries,4166.0,2022-06-02,Feedback,Resolved,2023-12-29,8.0,Mobile App,0.0
69.0,F,Divorced,High,9350,2022-10-30,264.9,Books,4452.0,2022-08-07,Inquiry,Resolved,2023-12-02,9.0,Website,0.0
20.0,F,Widowed,Low,9069,2022-03-02,155.9,Electronics,9156.0,2022-07-22,Complaint,Resolved,2023-09-20,4.0,Online Banking,0.0
30.0,F,Married,High,5489,2022-02-19,179.18,Books,2688.0,2022-02-17,Feedback,Unresolved,2023-05-31,36.0,Website,0.0
47.0,M,Single,Medium,5199,2022-03-01,350.04,Electronics,9335.0,2022-04-05,Feedback,Resolved,2023-08-05,47.0,Website,0.0
27.0,M,Married,Low,6429,2022-01-30,106.22,Books,5632.0,2022-05-14,Inquiry,Resolved,2023-07-11,38.0,Online Banking,0.0
69.0,F,Widowed,High,8407,2022-04-13,144.06,Clothing,4780.0,2022-06-29,Inquiry,Resolved,2023-11-10,49.0,Online Banking,0.0
26.0,F,Divorced,Low,3418,2022-01-04,121.27,Clothing,2121.0,2022-04-20,Inquiry,Unresolved,2023-04-01,49.0,Website,0.0
23.0,M,Married,Medium,8714,2022-05-18,74.53,Groceries,5509.0,2022-10-21,Inquiry,Unresolved,2023-09-10,45.0,Website,0.0
61.0,M,Single,Medium,4296,2022-12-18,27.14,Clothing,5240.0,2022-06-09,Feedback,Unresolved,2023-10-15,4.0,Website,0.0
19.0,M,Widowed,High,3453,2022-11-14,463.56,Furniture,9934.0,2022-08-10,Complaint,Resolved,2023-10-05,8.0,Online Banking,0.0
61.0,F,Widowed,High,7009,2022-09-12,429.79,Electronics,4478.0,2022-11-29,Inquiry,Unresolved,2023-01-09,43.0,Mobile App,0.0
33.0,F,Divorced,Low,4370,2022-12-15,224.68,Clothing,2460.0,2022-07-16,Inquiry,Resolved,2023-08-21,7.0,Mobile App,0.0
30.0,F,Married,Medium,4312,2022-07-12,469.67,Groceries,7926.0,2022-03-21,Complaint,Unresolved,2023-03-11,3.0,Website,0.0
65.0,M,Single,Medium,8039,2022-08-20,47.28,Groceries,8867.0,2022-06-01,Inquiry,Resolved,2023-09-04,1.0,Online Banking,0.0
30.0,M,Married,High,2081,2022-02-14,322.61,Groceries,9220.0,2022-10-02,Feedback,Resolved,2023-01-26,4.0,Mobile App,0.0
39.0,M,Single,Medium,9473,2022-02-22,89.97,Electronics,9818.0,2022-10-08,Inquiry,Resolved,2023-03-01,1.0,Mobile App,0.0
36.0,F,Divorced,Medium,1831,2022-10-04,265.48,Groceries,9659.0,2022-09-15,Feedback,Resolved,2023-03-15,46.0,Website,0.0
43.0,F,Widowed,Medium,8819,2022-08-07,485.2,Clothing,8438.0,2022-06-05,Feedback,Resolved,2023-01-16,42.0,Mobile App,0.0
31.0,M,Divorced,Low,1627,2022-05-11,43.2,Electronics,6694.0,2022-07-06,Feedback,Resolved,2023-10-14,38.0,Mobile App,0.0
48.0,M,Widowed,Low,5575,2022-11-07,416.95,Books,2704.0,2022-09-30,Complaint,Resolved,2023-08-21,37.0,Mobile App,0.0
46.0,F,Married,Low,1870,2022-12-07,124.42,Books,5423.0,2022-04-10,Inquiry,Unresolved,2023-09-26,12.0,Mobile App,0.0
62.0,F,Widowed,Medium,1149,2022-12-12,368.25,Groceries,9222.0,2022-05-03,Inquiry,Unresolved,2023-11-22,42.0,Online Banking,0.0
59.0,F,Single,High,2248,2022-03-26,282.43,Groceries,4689.0,2022-01-25,Complaint,Unresolved,2023-08-21,10.0,Mobile App,0.0
39.0,M,Divorced,High,7241,2022-11-24,444.52,Clothing,6009.0,2022-07-02,Feedback,Unresolved,2023-01-09,47.0,Online Banking,0.0
24.0,M,Widowed,High,5364,2022-12-11,271.16,Clothing,2490.0,2022-10-04,Feedback,Unresolved,2023-12-16,1.0,Website,1.0
54.0,F,Widowed,Low,7494,2022-01-10,480.14,Furniture,2307.0,2022-03-25,Feedback,Resolved,2023-03-23,2.0,Online Banking,0.0
66.0,M,Married,Medium,4467,2022-10-23,359.68,Clothing,3001.0,2022-04-08,Complaint,Resolved,2023-01-14,12.0,Website,0.0
58.0,F,Married,Low,5205,2022-10-17,90.94,Electronics,3277.0,2022-01-27,Feedback,Unresolved,2023-09-17,39.0,Online Banking,0.0
44.0,M,Married,Low,5662,2022-03-21,392.0,Electronics,3163.0,2022-05-04,Complaint,Resolved,2023-06-22,48.0,Mobile App,1.0
48.0,M,Single,High,7945,2022-09-24,168.89,Books,6698.0,2022-01-30,Inquiry,Unresolved,2023-11-24,36.0,Mobile App,0.0
23.0,M,Married,High,4303,2022-10-23,431.98,Groceries,3724.0,2022-10-07,Feedback,Resolved,2023-11-27,7.0,Online Banking,0.0
33.0,F,Widowed,Medium,9355,2022-07-20,410.31,Groceries,2150.0,2022-12-22,Inquiry,Resolved,2023-04-03,38.0,Website,1.0
55.0,M,Single,Low,9127,2022-06-24,293.15,Groceries,7464.0,2022-05-29,Feedback,Unresolved,2023-06-07,25.0,Website,0.0
55.0,F,Married,Medium,4098,2022-09-26,16.77,Groceries,4858.0,2022-12-08,Inquiry,Unresolved,2023-12-06,3.0,Website,0.0
67.0,M,Widowed,Low,8114,2022-02-04,80.42,Furniture,3101.0,2022-04-24,Feedback,Unresolved,2023-02-02,27.0,Online Banking,0.0
49.0,F,Single,Medium,5289,2022-11-27,264.5,Groceries,5741.0,2022-06-21,Inquiry,Unresolved,2023-08-16,24.0,Online Banking,0.0
50.0,F,Widowed,Low,8865,2022-09-19,150.66,Clothing,9491.0,2022-10-09,Complaint,Resolved,2023-02-27,27.0,Mobile App,0.0
66.0,F,Married,Medium,8949,2022-04-05,287.09,Furniture,4284.0,2022-06-25,Feedback,Unresolved,2023-07-30,6.0,Mobile App,0.0
34.0,F,Married,Low,6683,2022-10-07,449.79,Groceries,4632.0,2022-01-31,Feedback,Resolved,2023-09-17,25.0,Mobile App,0.0
50.0,F,Single,Low,7453,2022-09-13,7.21,Electronics,5659.0,2022-10-12,Feedback,Resolved,2023-07-31,43.0,Website,0.0
28.0,M,Divorced,High,6021,2022-12-17,125.64,Clothing,8214.0,2022-10-05,Complaint,Unresolved,2023-06-22,31.0,Online Banking,0.0
30.0,M,Widowed,Low,9685,2022-05-14,64.86,Furniture,6097.0,2022-12-17,Inquiry,Unresolved,2023-08-31,44.0,Mobile App,0.0
47.0,F,Widowed,High,7329,2022-01-28,233.53,Furniture,7376.0,2022-08-25,Feedback,Unresolved,2023-05-10,9.0,Mobile App,0.0
18.0,F,Divorced,Medium,4211,2022-06-14,162.48,Clothing,6308.0,2022-07-05,Feedback,Unresolved,2023-10-11,39.0,Mobile App,1.0
47.0,F,Divorced,High,7750,2022-11-11,20.24,Books,4285.0,2022-09-28,Inquiry,Resolved,2023-12-14,29.0,Website,1.0
44.0,M,Widowed,Low,2141,2022-04-21,493.02,Clothing,6830.0,2022-09-15,Feedback,Unresolved,2023-10-08,14.0,Mobile App,0.0
57.0,F,Single,High,6080,2022-02-10,310.55,Books,3061.0,2022-02-04,Feedback,Resolved,2023-11-05,36.0,Online Banking,0.0
40.0,M,Divorced,High,6917,2022-06-18,225.4,Electronics,3283.0,2022-08-02,Complaint,Resolved,2023-08-10,29.0,Website,0.0
37.0,F,Married,Medium,1523,2022-10-16,97.95,Furniture,8006.0,2022-06-02,Complaint,Resolved,2023-02-10,43.0,Website,0.0
23.0,M,Single,High,9076,2022-12-01,252.74,Groceries,3607.0,2022-06-17,Inquiry,Unresolved,2023-03-25,41.0,Website,1.0
54.0,F,Divorced,Medium,8617,2022-07-08,424.94,Clothing,2066.0,2022-06-20,Complaint,Unresolved,2023-01-20,38.0,Mobile App,1.0
37.0,M,Married,Medium,2737,2022-08-22,456.67,Furniture,3993.0,2022-05-26,Inquiry,Resolved,2023-05-03,22.0,Online Banking,1.0
54.0,M,Married,High,9993,2022-07-04,155.02,Furniture,6737.0,2022-11-11,Complaint,Unresolved,2023-06-06,12.0,Mobile App,1.0
23.0,F,Widowed,Low,7751,2022-05-26,388.89,Books,5830.0,2022-08-24,Inquiry,Resolved,2023-05-21,40.0,Website,0.0
46.0,F,Single,Medium,4925,2022-06-13,30.56,Clothing,4643.0,2022-10-20,Feedback,Resolved,2023-02-16,49.0,Online Banking,0.0
30.0,F,Divorced,High,5216,2022-11-02,216.1,Electronics,4146.0,2022-03-02,Feedback,Resolved,2023-08-10,26.0,Website,0.0
44.0,F,Married,Medium,4696,2022-01-01,283.29,Groceries,5122.0,2022-07-09,Complaint,Unresolved,2023-03-10,46.0,Mobile App,0.0
67.0,M,Widowed,High,1653,2022-10-21,262.13,Groceries,5819.0,2022-06-17,Feedback,Resolved,2023-06-05,28.0,Online Banking,0.0
37.0,M,Divorced,High,5409,2022-05-11,399.7,Groceries,5917.0,2022-02-06,Feedback,Unresolved,2023-04-29,21.0,Website,0.0
30.0,M,Married,Low,9257,2022-02-11,62.29,Electronics,6843.0,2022-07-20,Inquiry,Unresolved,2023-11-14,27.0,Mobile App,0.0
56.0,M,Widowed,High,7068,2022-04-03,70.07,Groceries,5346.0,2022-07-02,Complaint,Unresolved,2023-10-28,33.0,Website,1.0
25.0,M,Married,Medium,4246,2022-05-18,124.39,Books,6201.0,2022-12-10,Feedback,Unresolved,2023-07-28,29.0,Mobile App,0.0
34.0,M,Widowed,Medium,8154,2022-05-23,318.77,Books,9997.0,2022-01-06,Inquiry,Unresolved,2023-03-30,24.0,Mobile App,1.0
47.0,F,Widowed,Low,8686,2022-02-25,130.68,Electronics,2912.0,2022-10-02,Inquiry,Unresolved,2023-06-19,32.0,Website,0.0
18.0,M,Single,Medium,1049,2022-11-15,404.61,Furniture,7161.0,2022-12-05,Feedback,Unresolved,2023-11-22,6.0,Website,0.0
41.0,M,Divorced,Low,8839,2022-02-02,326.09,Electronics,9824.0,2022-05-19,Inquiry,Resolved,2023-04-04,27.0,Mobile App,0.0
33.0,M,Widowed,High,7540,2022-01-27,317.56,Clothing,4160.0,2022-07-15,Inquiry,Unresolved,2023-09-22,16.0,Website,0.0
28.0,F,Married,High,9142,2022-07-07,114.83,Groceries,5632.0,2022-06-04,Inquiry,Resolved,2023-06-13,36.0,Online Banking,0.0
21.0,M,Divorced,High,5155,2022-11-03,330.11,Groceries,7914.0,2022-05-02,Complaint,Unresolved,2023-03-19,47.0,Website,0.0
21.0,F,Divorced,Low,1267,2022-12-08,350.28,Furniture,5537.0,2022-03-23,Feedback,Resolved,2023-06-04,30.0,Website,0.0
34.0,M,Divorced,Medium,9063,2022-11-26,369.77,Electronics,2447.0,2022-02-24,Feedback,Resolved,2023-07-20,15.0,Website,0.0
66.0,M,Single,Medium,8080,2022-04-19,452.48,Electronics,6382.0,2022-04-10,Feedback,Resolved,2023-11-13,8.0,Mobile App,0.0
27.0,F,Widowed,High,7096,2022-07-29,270.34,Clothing,6899.0,2022-03-23,Feedback,Resolved,2023-05-06,31.0,Website,1.0
38.0,M,Widowed,Medium,7791,2022-01-25,364.98,Books,4270.0,2022-10-04,Feedback,Resolved,2023-02-12,9.0,Mobile App,1.0
55.0,M,Widowed,Low,4656,2022-09-12,145.6,Furniture,2964.0,2022-04-27,Complaint,Unresolved,2023-06-12,42.0,Online Banking,0.0
66.0,F,Widowed,Low,6420,2022-07-01,289.38,Clothing,4628.0,2022-11-17,Inquiry,Unresolved,2023-04-22,21.0,Online Banking,0.0
35.0,F,Married,Low,1456,2022-04-26,226.47,Clothing,6895.0,2022-02-26,Complaint,Resolved,2023-11-08,39.0,Online Banking,0.0
27.0,M,Widowed,Low,8860,2022-06-10,362.54,Furniture,6880.0,2022-09-09,Complaint,Unresolved,2023-03-20,39.0,Website,0.0
62.0,M,Divorced,Medium,9565,2022-02-08,362.75,Groceries,3238.0,2022-10-13,Inquiry,Resolved,2023-10-21,43.0,Website,0.0
33.0,F,Widowed,Low,8412,2022-05-30,243.5,Electronics,5670.0,2022-02-04,Complaint,Unresolved,2023-07-20,20.0,Online Banking,0.0
56.0,F,Widowed,Medium,3790,2022-04-10,361.18,Books,7012.0,2022-09-26,Complaint,Resolved,2023-12-08,26.0,Website,0.0
32.0,F,Widowed,High,5918,2022-07-09,267.54,Groceries,8827.0,2022-01-29,Feedback,Unresolved,2023-10-20,38.0,Online Banking,0.0
51.0,F,Widowed,Medium,7592,2022-02-23,208.97,Books,3252.0,2022-05-19,Feedback,Resolved,2023-06-01,43.0,Mobile App,0.0
22.0,M,Single,Low,9963,2022-05-27,267.77,Electronics,4851.0,2022-06-21,Complaint,Unresolved,2023-05-21,14.0,Online Banking,0.0
34.0,M,Divorced,Medium,4334,2022-01-01,236.98,Electronics,8055.0,2022-10-04,Inquiry,Unresolved,2023-11-17,48.0,Online Banking,0.0
54.0,F,Single,High,3271,2022-11-09,109.14,Furniture,6632.0,2022-10-21,Feedback,Unresolved,2023-02-10,41.0,Online Banking,0.0
25.0,M,Divorced,High,9521,2022-02-06,103.62,Electronics,3075.0,2022-03-04,Complaint,Resolved,2023-05-01,21.0,Mobile App,0.0
41.0,F,Widowed,High,1782,2022-12-22,466.37,Groceries,6650.0,2022-12-23,Inquiry,Resolved,2023-04-04,19.0,Online Banking,1.0
45.0,F,Widowed,Medium,5731,2022-01-11,236.93,Books,2668.0,2022-07-05,Complaint,Unresolved,2023-09-17,14.0,Online Banking,0.0
64.0,M,Divorced,Low,6864,2022-03-22,134.62,Groceries,9254.0,2022-04-08,Complaint,Unresolved,2023-03-13,9.0,Online Banking,0.0
25.0,F,Divorced,Low,6146,2022-05-29,491.25,Clothing,6001.0,2022-05-02,Feedback,Unresolved,2023-07-11,42.0,Mobile App,1.0
40.0,F,Single,Medium,2791,2022-07-06,355.25,Electronics,5196.0,2022-06-18,Feedback,Unresolved,2023-05-16,4.0,Mobile App,1.0
52.0,M,Single,Low,1323,2022-02-07,304.64,Books,2084.0,2022-12-10,Feedback,Unresolved,2023-04-28,23.0,Online Banking,0.0
48.0,M,Married,Low,8964,2022-07-27,49.43,Books,6072.0,2022-10-02,Inquiry,Resolved,2023-01-17,22.0,Online Banking,0.0
34.0,F,Married,Medium,3149,2022-02-10,255.56,Electronics,3863.0,2022-06-13,Feedback,Unresolved,2023-04-25,20.0,Online Banking,0.0
45.0,M,Single,High,6904,2022-12-08,315.8,Furniture,8746.0,2022-02-12,Feedback,Unresolved,2023-03-22,19.0,Website,1.0
65.0,M,Married,Low,4613,2022-06-17,84.67,Books,6205.0,2022-11-19,Inquiry,Resolved,2023-10-17,19.0,Mobile App,1.0
65.0,M,Single,High,1564,2022-11-23,48.52,Books,2049.0,2022-06-14,Inquiry,Resolved,2023-10-26,23.0,Mobile App,0.0
68.0,M,Single,Low,1370,2022-08-26,260.54,Books,4334.0,2022-11-01,Feedback,Resolved,2023-10-18,31.0,Website,0.0
29.0,M,Single,High,5956,2022-11-20,210.88,Furniture,6316.0,2022-06-22,Inquiry,Unresolved,2023-09-12,46.0,Mobile App,0.0
41.0,M,Married,High,6549,2022-03-15,179.79,Books,7963.0,2022-05-17,Complaint,Unresolved,2023-09-14,19.0,Mobile App,1.0
32.0,F,Divorced,Low,8443,2022-07-05,457.76,Clothing,3391.0,2022-12-04,Inquiry,Resolved,2023-02-17,44.0,Online Banking,0.0
57.0,M,Widowed,Low,1617,2022-05-25,219.09,Electronics,3938.0,2022-11-12,Complaint,Unresolved,2023-02-08,20.0,Online Banking,0.0
48.0,F,Married,Medium,2833,2022-11-21,114.54,Books,7808.0,2022-06-28,Feedback,Unresolved,2023-09-14,26.0,Mobile App,0.0
44.0,F,Widowed,Low,3911,2022-05-08,221.19,Groceries,6552.0,2022-03-15,Complaint,Unresolved,2023-05-18,6.0,Website,1.0
52.0,F,Widowed,Low,7690,2022-06-18,290.31,Electronics,5311.0,2022-03-02,Inquiry,Resolved,2023-05-04,28.0,Online Banking,0.0
35.0,M,Divorced,Medium,6421,2022-03-27,240.01,Books,4224.0,2022-04-05,Complaint,Resolved,2023-09-23,41.0,Website,0.0
53.0,M,Married,High,3890,2022-07-11,60.51,Electronics,4336.0,2022-10-10,Complaint,Unresolved,2023-06-20,4.0,Mobile App,1.0
25.0,F,Widowed,Medium,5212,2022-01-31,343.69,Electronics,4543.0,2022-07-24,Feedback,Resolved,2023-05-09,49.0,Mobile App,0.0
63.0,F,Divorced,High,7283,2022-10-21,150.23,Groceries,2268.0,2022-09-07,Complaint,Unresolved,2023-05-01,44.0,Website,0.0
66.0,F,Divorced,Medium,1290,2022-01-19,478.77,Furniture,3403.0,2022-09-26,Inquiry,Resolved,2023-03-04,9.0,Website,0.0
55.0,F,Single,Low,8037,2022-04-29,464.52,Furniture,6593.0,2022-11-14,Complaint,Resolved,2023-11-08,49.0,Online Banking,0.0
22.0,M,Married,Low,3756,2022-05-12,391.41,Groceries,9056.0,2022-05-30,Complaint,Unresolved,2023-06-08,14.0,Mobile App,1.0
31.0,F,Widowed,High,8307,2022-09-13,86.29,Groceries,7632.0,2022-03-20,Complaint,Resolved,2023-02-14,31.0,Website,0.0
55.0,M,Divorced,Low,8316,2022-11-04,130.84,Books,8890.0,2022-04-28,Feedback,Unresolved,2023-07-26,29.0,Website,1.0
37.0,F,Widowed,High,5867,2022-01-20,390.4,Clothing,9089.0,2022-05-11,Feedback,Resolved,2023-06-07,49.0,Mobile App,1.0
61.0,M,Married,Medium,8554,2022-03-16,119.38,Groceries,9975.0,2022-01-01,Inquiry,Resolved,2023-09-17,22.0,Website,0.0
26.0,M,Single,Low,2176,2022-02-20,446.8,Books,7297.0,2022-05-27,Complaint,Resolved,2023-03-26,9.0,Website,0.0
50.0,F,Widowed,High,4250,2022-06-14,336.18,Electronics,9242.0,2022-04-12,Complaint,Unresolved,2023-12-27,11.0,Website,0.0
35.0,F,Single,Medium,5421,2022-03-10,324.7,Groceries,2095.0,2022-02-22,Inquiry,Unresolved,2023-07-23,25.0,Mobile App,0.0
23.0,F,Divorced,Low,8689,2022-10-12,288.64,Electronics,3638.0,2022-10-07,Complaint,Unresolved,2023-07-31,34.0,Website,1.0
54.0,F,Single,Low,1450,2022-12-18,437.63,Electronics,9944.0,2022-08-03,Complaint,Unresolved,2023-01-29,38.0,Mobile App,0.0
19.0,M,Widowed,High,4483,2022-02-17,313.57,Books,9113.0,2022-09-17,Feedback,Resolved,2023-04-01,5.0,Mobile App,0.0
47.0,M,Married,Low,8217,2022-05-08,25.51,Furniture,3671.0,2022-10-25,Complaint,Unresolved,2023-07-10,47.0,Website,0.0
23.0,M,Widowed,High,6638,2022-10-25,377.85,Furniture,2114.0,2022-09-29,Feedback,Unresolved,2023-01-08,23.0,Website,0.0
34.0,M,Widowed,Low,8766,2022-08-15,379.03,Books,3087.0,2022-07-02,Complaint,Unresolved,2023-08-13,22.0,Mobile App,0.0
,,,,6074,2022-07-15,75.11,Furniture,8508.0,2022-05-14,Complaint,Unresolved,,,,
,,,,2655,2022-08-17,204.64,Clothing,9101.0,2022-05-02,Inquiry,Resolved,,,,
,,,,5417,2022-09-15,341.65,Groceries,,,,,,,,
,,,,2887,2022-02-08,183.07,Books,,,,,,,,
,,,,2213,2022-12-24,12.61,Groceries,,,,,,,,
,,,,7044,2022-09-13,99.58,Clothing,,,,,,,,
,,,,3482,2022-02-02,415.96,Electronics,,,,,,,,
,,,,5085,2022-09-13,79.46,Groceries,,,,,,,,
,,,,4470,2022-10-06,191.44,Clothing,,,,,,,,
,,,,4564,2022-02-17,158.59,Electronics,,,,,,,,
,,,,8385,2022-11-26,360.82,Books,,,,,,,,
,,,,6100,2022-10-29,121.84,Groceries,,,,,,,,
,,,,5479,2022-08-25,365.01,Groceries,,,,,,,,
,,,,3933,2022-10-31,106.05,Books,,,,,,,,
,,,,4677,2022-01-08,334.69,Clothing,,,,,,,,
,,,,1847,2022-03-13,102.2,Clothing,,,,,,,,
,,,,2798,2022-12-05,235.33,Furniture,,,,,,,,
,,,,1744,2022-10-01,442.61,Groceries,,,,,,,,
,,,,1585,2022-05-14,193.31,Clothing,,,,,,,,
,,,,1081,2022-04-03,456.81,Electronics,,,,,,,,
,,,,5987,2022-06-26,48.96,Clothing,,,,,,,,
,,,,9348,2022-08-04,381.46,Clothing,,,,,,,,
,,,,2901,2022-03-15,331.77,Groceries,,,,,,,,
,,,,7375,2022-09-26,250.54,Groceries,,,,,,,,
,,,,6261,2022-09-02,345.58,Furniture,,,,,,,,
,,,,7090,2022-10-19,185.36,Electronics,,,,,,,,
,,,,9341,2022-05-16,183.6,Electronics,,,,,,,,
,,,,5465,2022-02-04,95.81,Books,,,,,,,,
,,,,8447,2022-12-17,261.24,Clothing,,,,,,,,
,,,,5882,2022-10-11,321.63,Books,,,,,,,,
,,,,7266,2022-01-24,194.33,Furniture,,,,,,,,
,,,,8305,2022-10-04,343.11,Furniture,,,,,,,,
,,,,4985,2022-10-28,6.09,Clothing,,,,,,,,
,,,,3047,2022-05-28,39.59,Electronics,,,,,,,,
,,,,6371,2022-05-11,78.32,Clothing,,,,,,,,
,,,,9929,2022-12-27,415.77,Furniture,,,,,,,,
,,,,2411,2022-12-28,57.72,Groceries,,,,,,,,
,,,,5260,2022-06-24,349.82,Groceries,,,,,,,,
,,,,1270,2022-07-05,60.7,Electronics,,,,,,,,
,,,,7849,2022-08-02,45.69,Books,,,,,,,,
,,,,2020,2022-02-01,350.61,Groceries,,,,,,,,
,,,,5824,2022-10-12,403.19,Electronics,,,,,,,,
,,,,3106,2022-01-02,241.51,Electronics,,,,,,,,
,,,,9808,2022-03-07,179.05,Electronics,,,,,,,,
,,,,3706,2022-08-21,117.24,Electronics,,,,,,,,
,,,,9331,2022-12-25,396.02,Books,,,,,,,,
,,,,8329,2022-01-19,405.27,Electronics,,,,,,,,
,,,,9984,2022-03-11,357.49,Books,,,,,,,,
,,,,6059,2022-01-24,376.61,Electronics,,,,,,,,
,,,,8037,2022-04-10,123.37,Clothing,,,,,,,,
,,,,2255,2022-08-28,452.15,Books,,,,,,,,
,,,,3511,2022-09-17,410.57,Books,,,,,,,,
,,,,4519,2022-05-31,133.82,Clothing,,,,,,,,
,,,,7479,2022-10-16,217.0,Groceries,,,,,,,,
,,,,4902,2022-12-15,6.79,Furniture,,,,,,,,
,,,,8762,2022-08-23,440.74,Groceries,,,,,,,,
,,,,7408,2022-02-18,294.67,Clothing,,,,,,,,
,,,,3773,2022-10-18,290.67,Electronics,,,,,,,,
,,,,1011,2022-05-17,350.4,Clothing,,,,,,,,
,,,,2592,2022-08-29,194.38,Electronics,,,,,,,,
,,,,7421,2022-09-02,184.45,Furniture,,,,,,,,
,,,,3299,2022-07-23,350.5,Clothing,,,,,,,,
,,,,3099,2022-08-29,360.24,Books,,,,,,,,
,,,,2382,2022-03-08,195.47,Furniture,,,,,,,,
,,,,4398,2022-02-19,453.54,Clothing,,,,,,,,
,,,,2361,2022-06-10,298.87,Furniture,,,,,,,,
,,,,2749,2022-11-25,298.23,Electronics,,,,,,,,
,,,,5307,2022-05-29,435.48,Clothing,,,,,,,,
,,,,5208,2022-11-28,356.41,Groceries,,,,,,,,
,,,,5598,2022-05-07,315.78,Clothing,,,,,,,,
,,,,7468,2022-10-17,480.54,Clothing,,,,,,,,
,,,,9716,2022-01-02,104.15,Electronics,,,,,,,,
,,,,4810,2022-02-15,199.37,Books,,,,,,,,
,,,,7411,2022-12-18,186.47,Groceries,,,,,,,,
,,,,3498,2022-02-27,123.85,Books,,,,,,,,
,,,,5328,2022-10-01,427.53,Furniture,,,,,,,,
,,,,8578,2022-10-06,444.83,Furniture,,,,,,,,
,,,,7780,2022-03-18,440.96,Clothing,,,,,,,,
,,,,4207,2022-07-02,311.0,Groceries,,,,,,,,
,,,,7616,2022-05-05,337.99,Electronics,,,,,,,,
,,,,6707,2022-07-26,267.71,Books,,,,,,,,
,,,,3662,2022-02-01,424.76,Electronics,,,,,,,,
,,,,6000,2022-05-03,394.23,Electronics,,,,,,,,
,,,,5227,2022-03-05,386.79,Books,,,,,,,,
,,,,5140,2022-05-04,463.74,Furniture,,,,,,,,
,,,,4981,2022-01-13,32.53,Furniture,,,,,,,,
,,,,3356,2022-12-12,379.85,Books,,,,,,,,
,,,,1311,2022-07-01,178.87,Electronics,,,,,,,,
,,,,3735,2022-07-05,221.61,Furniture,,,,,,,,
,,,,7584,2022-02-19,50.08,Groceries,,,,,,,,
,,,,3991,2022-03-15,75.74,Groceries,,,,,,,,
,,,,6658,2022-09-29,332.8,Books,,,,,,,,
,,,,7327,2022-06-20,463.5,Groceries,,,,,,,,
,,,,9650,2022-07-19,393.62,Groceries,,,,,,,,
,,,,6443,2022-04-18,453.05,Clothing,,,,,,,,
,,,,7765,2022-11-12,48.25,Groceries,,,,,,,,
,,,,1754,2022-05-02,216.12,Clothing,,,,,,,,
,,,,4713,2022-11-08,295.93,Electronics,,,,,,,,
,,,,7764,2022-08-08,329.29,Groceries,,,,,,,,
,,,,2116,2022-10-26,444.1,Furniture,,,,,,,,
,,,,3850,2022-11-22,11.41,Clothing,,,,,,,,
,,,,1224,2022-09-14,230.95,Books,,,,,,,,
,,,,2151,2022-03-11,97.68,Groceries,,,,,,,,
,,,,2153,2022-09-21,498.29,Groceries,,,,,,,,
,,,,3399,2022-08-05,387.8,Furniture,,,,,,,,
,,,,4446,2022-10-05,495.5,Electronics,,,,,,,,
,,,,7194,2022-02-02,354.59,Groceries,,,,,,,,
,,,,9136,2022-06-21,358.06,Electronics,,,,,,,,
,,,,2945,2022-04-30,363.23,Books,,,,,,,,
,,,,7615,2022-03-11,425.34,Books,,,,,,,,
,,,,4348,2022-03-06,453.23,Electronics,,,,,,,,
,,,,3661,2022-12-04,114.1,Electronics,,,,,,,,
,,,,5728,2022-10-19,156.55,Electronics,,,,,,,,
,,,,5234,2022-05-30,289.76,Furniture,,,,,,,,
,,,,3196,2022-12-24,490.02,Books,,,,,,,,
,,,,1330,2022-03-13,334.23,Clothing,,,,,,,,
,,,,9671,2022-12-16,17.88,Clothing,,,,,,,,
,,,,3151,2022-05-04,20.17,Furniture,,,,,,,,
,,,,1646,2022-11-25,163.75,Books,,,,,,,,
,,,,1202,2022-09-02,121.24,Electronics,,,,,,,,
,,,,6342,2022-03-15,410.81,Furniture,,,,,,,,
,,,,4554,2022-06-05,393.1,Clothing,,,,,,,,
,,,,3412,2022-09-18,436.82,Groceries,,,,,,,,
,,,,4297,2022-07-09,11.28,Clothing,,,,,,,,
,,,,3522,2022-02-03,362.96,Electronics,,,,,,,,
,,,,6647,2022-05-02,224.83,Furniture,,,,,,,,
,,,,6970,2022-05-19,44.98,Books,,,,,,,,
,,,,3050,2022-12-20,73.36,Clothing,,,,,,,,
,,,,2246,2022-07-09,96.12,Electronics,,,,,,,,
,,,,4800,2022-03-26,238.01,Furniture,,,,,,,,
,,,,7660,2022-06-21,447.99,Books,,,,,,,,
,,,,5184,2022-07-06,253.02,Books,,,,,,,,
,,,,1587,2022-01-20,415.79,Groceries,,,,,,,,
,,,,8410,2022-06-07,332.94,Books,,,,,,,,
,,,,3275,2022-01-09,497.61,Electronics,,,,,,,,
,,,,9471,2022-09-11,146.08,Books,,,,,,,,
,,,,8962,2022-06-05,411.94,Books,,,,,,,,
,,,,6657,2022-03-10,259.2,Groceries,,,,,,,,
,,,,4712,2022-05-02,200.33,Furniture,,,,,,,,
,,,,4066,2022-02-24,202.57,Clothing,,,,,,,,
,,,,2813,2022-06-16,261.67,Groceries,,,,,,,,
,,,,7880,2022-05-24,346.02,Clothing,,,,,,,,
,,,,4565,2022-03-19,240.19,Furniture,,,,,,,,
,,,,6927,2022-04-10,491.03,Clothing,,,,,,,,
,,,,7500,2022-11-26,421.5,Clothing,,,,,,,,
,,,,1831,2022-11-11,263.05,Electronics,,,,,,,,
,,,,1279,2022-04-20,481.72,Clothing,,,,,,,,
,,,,3888,2022-09-05,202.0,Books,,,,,,,,
,,,,8845,2022-09-23,67.94,Clothing,,,,,,,,
,,,,7105,2022-01-19,31.86,Books,,,,,,,,
,,,,2664,2022-06-11,347.94,Books,,,,,,,,
,,,,2022,2022-11-28,449.55,Clothing,,,,,,,,
,,,,5933,2022-09-25,427.65,Books,,,,,,,,
,,,,8755,2022-12-26,128.28,Groceries,,,,,,,,
,,,,5153,2022-02-24,38.55,Furniture,,,,,,,,
,,,,7187,2022-03-25,236.33,Groceries,,,,,,,,
,,,,5859,2022-01-22,196.51,Electronics,,,,,,,,
,,,,2222,2022-04-22,217.36,Clothing,,,,,,,,
,,,,1769,2022-11-06,263.34,Furniture,,,,,,,,
,,,,3350,2022-04-27,440.13,Furniture,,,,,,,,
,,,,8400,2022-06-03,485.11,Electronics,,,,,,,,
,,,,8873,2022-04-10,204.86,Groceries,,,,,,,,
,,,,6398,2022-11-14,284.72,Electronics,,,,,,,,
,,,,3151,2022-02-16,69.76,Books,,,,,,,,
,,,,1326,2022-04-05,462.94,Clothing,,,,,,,,
,,,,6310,2022-06-24,162.56,Furniture,,,,,,,,
,,,,2323,2022-01-18,50.6,Groceries,,,,,,,,
,,,,1271,2022-09-25,115.18,Furniture,,,,,,,,
,,,,7083,2022-10-01,302.69,Electronics,,,,,,,,
,,,,2617,2022-03-27,150.62,Books,,,,,,,,
,,,,3001,2022-01-29,466.05,Groceries,,,,,,,,
,,,,1351,2022-07-13,119.48,Electronics,,,,,,,,
,,,,8554,2022-04-18,209.52,Clothing,,,,,,,,
,,,,9246,2022-03-25,279.74,Electronics,,,,,,,,
,,,,5695,2022-03-28,475.22,Electronics,,,,,,,,
,,,,5015,2022-09-28,15.54,Electronics,,,,,,,,
,,,,4288,2022-12-04,343.69,Clothing,,,,,,,,
,,,,5717,2022-11-12,257.05,Electronics,,,,,,,,
,,,,6656,2022-03-02,299.58,Furniture,,,,,,,,
,,,,9322,2022-08-01,323.12,Electronics,,,,,,,,
,,,,6394,2022-12-18,149.68,Electronics,,,,,,,,
,,,,7316,2022-03-28,109.87,Clothing,,,,,,,,
,,,,7512,2022-02-01,398.99,Electronics,,,,,,,,
,,,,2186,2022-05-18,216.64,Books,,,,,,,,
,,,,8075,2022-02-16,312.21,Groceries,,,,,,,,
,,,,6817,2022-10-29,233.59,Groceries,,,,,,,,
,,,,8319,2022-03-23,158.43,Books,,,,,,,,
,,,,2721,2022-12-12,115.9,Furniture,,,,,,,,
,,,,2786,2022-01-24,471.72,Electronics,,,,,,,,
,,,,9612,2022-12-03,83.09,Electronics,,,,,,,,
,,,,2406,2022-02-23,366.67,Electronics,,,,,,,,
,,,,8197,2022-11-10,309.18,Electronics,,,,,,,,
,,,,9636,2022-09-03,202.06,Books,,,,,,,,
,,,,3390,2022-08-15,462.86,Furniture,,,,,,,,
,,,,8392,2022-08-10,484.93,Electronics,,,,,,,,
,,,,2134,2022-11-26,401.08,Groceries,,,,,,,,
,,,,7998,2022-01-05,458.39,Groceries,,,,,,,,
,,,,4059,2022-04-22,125.96,Groceries,,,,,,,,
,,,,5846,2022-01-04,27.6,Books,,,,,,,,
,,,,5980,2022-09-26,127.06,Electronics,,,,,,,,
,,,,8452,2022-05-03,409.19,Electronics,,,,,,,,
,,,,1210,2022-09-06,314.17,Books,,,,,,,,
,,,,3996,2022-06-28,182.18,Clothing,,,,,,,,
,,,,6215,2022-08-10,256.72,Clothing,,,,,,,,
,,,,9473,2022-07-25,444.16,Clothing,,,,,,,,
,,,,3633,2022-06-28,298.89,Clothing,,,,,,,,
,,,,1979,2022-11-15,134.74,Electronics,,,,,,,,
,,,,5580,2022-10-19,484.62,Clothing,,,,,,,,
,,,,8524,2022-02-25,107.37,Groceries,,,,,,,,
,,,,6842,2022-11-17,160.29,Clothing,,,,,,,,
,,,,3811,2022-01-09,458.27,Books,,,,,,,,
,,,,5093,2022-07-24,447.53,Books,,,,,,,,
,,,,5530,2022-05-16,22.91,Clothing,,,,,,,,
,,,,4922,2022-11-21,379.69,Clothing,,,,,,,,
,,,,2350,2022-10-17,438.95,Groceries,,,,,,,,
,,,,7239,2022-01-15,44.12,Groceries,,,,,,,,
,,,,1883,2022-11-20,149.35,Books,,,,,,,,
,,,,1412,2022-04-06,261.07,Electronics,,,,,,,,
,,,,2278,2022-12-08,467.07,Clothing,,,,,,,,
,,,,8134,2022-04-03,24.71,Electronics,,,,,,,,
,,,,7264,2022-10-12,78.06,Clothing,,,,,,,,
,,,,9546,2022-08-29,332.66,Clothing,,,,,,,,
,,,,8635,2022-03-28,115.21,Furniture,,,,,,,,
,,,,8608,2022-07-01,309.6,Groceries,,,,,,,,
,,,,2405,2022-03-29,322.59,Electronics,,,,,,,,
,,,,9948,2022-07-13,394.18,Clothing,,,,,,,,
,,,,5421,2022-05-16,459.71,Furniture,,,,,,,,
,,,,4270,2022-06-02,170.28,Groceries,,,,,,,,
,,,,9117,2022-01-14,453.87,Clothing,,,,,,,,
,,,,3378,2022-06-18,382.68,Books,,,,,,,,
,,,,2176,2022-11-11,344.58,Groceries,,,,,,,,
,,,,8941,2022-04-13,175.4,Books,,,,,,,,
,,,,5641,2022-09-24,170.1,Electronics,,,,,,,,
,,,,7422,2022-05-11,414.29,Furniture,,,,,,,,
,,,,4066,2022-11-27,481.33,Electronics,,,,,,,,
,,,,4954,2022-08-23,346.82,Furniture,,,,,,,,
,,,,7906,2022-08-04,253.19,Clothing,,,,,,,,
,,,,8502,2022-06-24,89.8,Clothing,,,,,,,,
,,,,4552,2022-10-06,154.02,Electronics,,,,,,,,
,,,,7625,2022-04-21,114.96,Electronics,,,,,,,,
,,,,2704,2022-02-06,406.81,Clothing,,,,,,,,
,,,,7405,2022-06-17,259.07,Clothing,,,,,,,,
,,,,5287,2022-06-21,485.95,Clothing,,,,,,,,
,,,,4130,2022-09-05,22.47,Groceries,,,,,,,,
,,,,8725,2022-01-08,444.4,Clothing,,,,,,,,
,,,,7835,2022-06-12,204.89,Furniture,,,,,,,,
,,,,3229,2022-11-21,414.89,Books,,,,,,,,
,,,,1158,2022-08-30,405.75,Groceries,,,,,,,,
,,,,8052,2022-11-03,379.88,Clothing,,,,,,,,
,,,,3863,2022-11-17,113.73,Furniture,,,,,,,,
,,,,7067,2022-01-27,356.39,Books,,,,,,,,
,,,,7796,2022-01-28,400.78,Books,,,,,,,,
,,,,6699,2022-01-07,27.98,Clothing,,,,,,,,
,,,,4796,2022-12-28,90.66,Electronics,,,,,,,,
,,,,5324,2022-04-04,353.55,Electronics,,,,,,,,
,,,,4937,2022-04-12,281.14,Furniture,,,,,,,,
,,,,1480,2022-11-10,166.39,Groceries,,,,,,,,
,,,,9883,2022-01-25,286.86,Groceries,,,,,,,,
,,,,3902,2022-12-05,251.56,Groceries,,,,,,,,
,,,,3636,2022-05-08,217.4,Furniture,,,,,,,,
,,,,4135,2022-01-16,204.24,Electronics,,,,,,,,
,,,,2531,2022-03-31,346.3,Books,,,,,,,,
,,,,9394,2022-10-05,295.09,Clothing,,,,,,,,
,,,,9621,2022-06-13,280.13,Books,,,,,,,,
,,,,4005,2022-04-28,374.07,Furniture,,,,,,,,
,,,,5445,2022-02-28,308.11,Clothing,,,,,,,,
,,,,3167,2022-04-20,8.69,Groceries,,,,,,,,
,,,,3115,2022-05-03,489.77,Groceries,,,,,,,,
,,,,2313,2022-07-28,174.14,Groceries,,,,,,,,
,,,,3477,2022-07-22,479.69,Electronics,,,,,,,,
,,,,7632,2022-02-19,103.82,Furniture,,,,,,,,
,,,,2326,2022-01-25,447.08,Books,,,,,,,,
,,,,5613,2022-12-01,179.77,Clothing,,,,,,,,
,,,,7642,2022-08-19,108.75,Clothing,,,,,,,,
,,,,6544,2022-10-03,444.41,Groceries,,,,,,,,
,,,,1921,2022-07-15,40.58,Books,,,,,,,,
,,,,2793,2022-02-09,201.0,Furniture,,,,,,,,
,,,,6401,2022-09-03,163.23,Electronics,,,,,,,,
,,,,4804,2022-01-10,274.4,Furniture,,,,,,,,
,,,,1885,2022-03-22,36.71,Electronics,,,,,,,,
,,,,9954,2022-06-16,337.91,Clothing,,,,,,,,
,,,,3348,2022-01-21,231.85,Books,,,,,,,,
,,,,1055,2022-12-09,490.17,Electronics,,,,,,,,
,,,,7483,2022-02-15,381.38,Furniture,,,,,,,,
,,,,1115,2022-12-28,495.75,Furniture,,,,,,,,
,,,,9549,2022-08-06,14.8,Clothing,,,,,,,,
,,,,6359,2022-09-19,360.88,Furniture,,,,,,,,
,,,,1996,2022-06-26,490.36,Electronics,,,,,,,,
,,,,7453,2022-03-10,476.74,Books,,,,,,,,
,,,,7461,2022-11-06,452.78,Books,,,,,,,,
,,,,9938,2022-10-07,208.67,Groceries,,,,,,,,
,,,,5448,2022-01-22,92.62,Furniture,,,,,,,,
,,,,6877,2022-04-29,403.78,Groceries,,,,,,,,
,,,,8637,2022-11-06,108.43,Groceries,,,,,,,,
,,,,3964,2022-10-12,276.42,Clothing,,,,,,,,
,,,,5108,2022-02-16,44.22,Groceries,,,,,,,,
,,,,8030,2022-10-22,336.72,Furniture,,,,,,,,
,,,,7294,2022-05-25,367.84,Clothing,,,,,,,,
,,,,4425,2022-02-05,45.1,Books,,,,,,,,
,,,,3885,2022-05-26,136.69,Furniture,,,,,,,,
,,,,2849,2022-01-09,137.39,Electronics,,,,,,,,
,,,,1354,2022-06-23,445.93,Books,,,,,,,,
,,,,2089,2022-09-20,326.35,Furniture,,,,,,,,
,,,,5858,2022-06-19,454.65,Books,,,,,,,,
,,,,7536,2022-04-04,406.11,Furniture,,,,,,,,
,,,,6113,2022-07-08,73.27,Clothing,,,,,,,,
,,,,5648,2022-09-15,382.53,Furniture,,,,,,,,
,,,,4525,2022-03-05,132.46,Electronics,,,,,,,,
,,,,4655,2022-10-31,467.01,Groceries,,,,,,,,
,,,,6379,2022-03-21,153.34,Clothing,,,,,,,,
,,,,8196,2022-05-31,489.07,Clothing,,,,,,,,
,,,,2729,2022-12-05,389.3,Books,,,,,,,,
,,,,7181,2022-11-22,114.63,Groceries,,,,,,,,
,,,,2456,2022-02-13,269.19,Furniture,,,,,,,,
,,,,1584,2022-10-10,373.09,Books,,,,,,,,
,,,,9387,2022-01-19,339.95,Groceries,,,,,,,,
,,,,2584,2022-10-29,38.6,Furniture,,,,,,,,
,,,,8409,2022-10-22,474.7,Electronics,,,,,,,,
,,,,7064,2022-07-18,468.35,Clothing,,,,,,,,
,,,,7291,2022-04-01,472.78,Clothing,,,,,,,,
,,,,6273,2022-11-10,13.04,Groceries,,,,,,,,
,,,,9290,2022-07-23,207.81,Electronics,,,,,,,,
,,,,2079,2022-04-26,317.21,Books,,,,,,,,
,,,,4097,2022-08-28,95.34,Furniture,,,,,,,,
,,,,3344,2022-02-19,294.83,Groceries,,,,,,,,
,,,,6570,2022-03-10,223.77,Groceries,,,,,,,,
,,,,5687,2022-08-14,404.47,Books,,,,,,,,
,,,,4349,2022-06-11,493.46,Clothing,,,,,,,,
,,,,7920,2022-04-21,459.39,Books,,,,,,,,
,,,,1056,2022-11-23,208.45,Books,,,,,,,,
,,,,7129,2022-04-13,34.16,Clothing,,,,,,,,
,,,,5973,2022-04-03,218.75,Electronics,,,,,,,,
,,,,1850,2022-02-04,214.39,Books,,,,,,,,
,,,,6537,2022-04-05,166.83,Books,,,,,,,,
,,,,4555,2022-11-13,164.96,Clothing,,,,,,,,
,,,,7233,2022-03-12,298.18,Electronics,,,,,,,,
,,,,7123,2022-10-31,251.8,Electronics,,,,,,,,
,,,,2475,2022-08-29,380.93,Books,,,,,,,,
,,,,5015,2022-12-12,341.58,Furniture,,,,,,,,
,,,,7163,2022-05-26,335.38,Electronics,,,,,,,,
,,,,3768,2022-11-29,131.9,Electronics,,,,,,,,
,,,,5985,2022-11-16,20.92,Electronics,,,,,,,,
,,,,9823,2022-05-28,196.16,Clothing,,,,,,,,
,,,,3567,2022-10-23,495.06,Books,,,,,,,,
,,,,8376,2022-10-22,78.45,Furniture,,,,,,,,
,,,,8345,2022-03-26,143.49,Books,,,,,,,,
,,,,6555,2022-11-24,199.25,Furniture,,,,,,,,
,,,,4437,2022-02-09,58.28,Furniture,,,,,,,,
,,,,4447,2022-08-21,477.21,Books,,,,,,,,
,,,,3026,2022-02-02,305.18,Furniture,,,,,,,,
,,,,2051,2022-04-17,203.01,Books,,,,,,,,
,,,,2896,2022-12-25,357.78,Electronics,,,,,,,,
,,,,3754,2022-03-31,278.76,Groceries,,,,,,,,
,,,,3651,2022-01-17,7.72,Books,,,,,,,,
,,,,3102,2022-07-04,101.13,Electronics,,,,,,,,
,,,,6310,2022-05-18,24.07,Clothing,,,,,,,,
,,,,6360,2022-09-18,252.9,Books,,,,,,,,
,,,,4489,2022-09-19,377.43,Groceries,,,,,,,,
,,,,5053,2022-06-22,120.92,Books,,,,,,,,
,,,,7061,2022-02-26,7.11,Books,,,,,,,,
,,,,2718,2022-11-17,230.04,Electronics,,,,,,,,
,,,,7573,2022-09-06,345.79,Clothing,,,,,,,,
,,,,5870,2022-07-05,273.82,Books,,,,,,,,
,,,,6743,2022-12-03,31.8,Books,,,,,,,,
,,,,2596,2022-04-21,389.51,Clothing,,,,,,,,
,,,,3747,2022-05-30,267.26,Clothing,,,,,,,,
,,,,9923,2022-09-25,24.61,Electronics,,,,,,,,
,,,,4987,2022-03-09,331.14,Clothing,,,,,,,,
,,,,4178,2022-08-21,203.76,Furniture,,,,,,,,
,,,,8384,2022-05-29,267.86,Electronics,,,,,,,,
,,,,5070,2022-01-08,314.57,Books,,,,,,,,
,,,,1456,2022-01-02,84.12,Groceries,,,,,,,,
,,,,1464,2022-06-06,197.17,Clothing,,,,,,,,
,,,,1255,2022-05-29,324.5,Groceries,,,,,,,,
,,,,4205,2022-09-02,499.86,Books,,,,,,,,
,,,,2030,2022-03-16,301.46,Electronics,,,,,,,,
,,,,4820,2022-09-10,337.18,Groceries,,,,,,,,
,,,,6755,2022-03-13,285.56,Furniture,,,,,,,,
,,,,4108,2022-09-30,473.78,Groceries,,,,,,,,
,,,,1364,2022-06-15,66.59,Books,,,,,,,,
,,,,4529,2022-09-29,105.27,Books,,,,,,,,
,,,,8954,2022-01-24,78.86,Electronics,,,,,,,,
,,,,4334,2022-06-20,80.51,Electronics,,,,,,,,
,,,,4773,2022-07-07,243.28,Furniture,,,,,,,,
,,,,4697,2022-11-06,273.12,Groceries,,,,,,,,
,,,,9647,2022-08-23,335.68,Clothing,,,,,,,,
,,,,6848,2022-06-28,206.33,Electronics,,,,,,,,
,,,,1140,2022-07-06,147.82,Books,,,,,,,,
,,,,4891,2022-06-03,259.55,Furniture,,,,,,,,
,,,,3675,2022-02-25,303.91,Books,,,,,,,,
,,,,1749,2022-04-22,222.74,Clothing,,,,,,,,
,,,,8679,2022-08-23,489.08,Groceries,,,,,,,,
,,,,1915,2022-03-08,469.02,Clothing,,,,,,,,
,,,,7982,2022-01-14,445.96,Clothing,,,,,,,,
,,,,4879,2022-04-25,225.33,Furniture,,,,,,,,
,,,,3550,2022-06-22,69.63,Books,,,,,,,,
,,,,4391,2022-07-23,262.63,Books,,,,,,,,
,,,,7525,2022-05-28,326.61,Electronics,,,,,,,,
,,,,7367,2022-05-09,50.79,Books,,,,,,,,
,,,,4279,2022-11-16,196.3,Furniture,,,,,,,,
,,,,2134,2022-03-06,81.51,Groceries,,,,,,,,
,,,,6840,2022-04-20,278.11,Clothing,,,,,,,,
,,,,9062,2022-02-03,369.04,Furniture,,,,,,,,
,,,,6846,2022-06-04,13.35,Furniture,,,,,,,,
,,,,7559,2022-09-17,469.65,Furniture,,,,,,,,
,,,,7970,2022-02-08,89.72,Electronics,,,,,,,,
,,,,1993,2022-07-13,26.12,Books,,,,,,,,
,,,,7293,2022-05-12,236.45,Groceries,,,,,,,,
,,,,3318,2022-04-18,412.18,Electronics,,,,,,,,
,,,,3404,2022-05-28,468.2,Furniture,,,,,,,,
,,,,1535,2022-12-04,399.23,Books,,,,,,,,
,,,,6123,2022-10-24,333.6,Groceries,,,,,,,,
,,,,5678,2022-12-01,403.47,Electronics,,,,,,,,
,,,,7897,2022-07-30,411.04,Furniture,,,,,,,,
,,,,9418,2022-12-10,295.52,Furniture,,,,,,,,
,,,,5146,2022-04-25,262.73,Furniture,,,,,,,,
,,,,6102,2022-08-18,70.86,Clothing,,,,,,,,
,,,,9168,2022-06-21,322.71,Furniture,,,,,,,,
,,,,1655,2022-06-25,341.96,Furniture,,,,,,,,
,,,,2364,2022-02-10,435.09,Electronics,,,,,,,,
,,,,1684,2022-07-02,35.03,Electronics,,,,,,,,
,,,,8146,2022-06-24,266.36,Groceries,,,,,,,,
,,,,6764,2022-02-02,205.51,Groceries,,,,,,,,
,,,,8069,2022-07-29,399.18,Clothing,,,,,,,,
,,,,9579,2022-11-15,340.69,Electronics,,,,,,,,
,,,,5398,2022-06-06,39.77,Groceries,,,,,,,,
,,,,8649,2022-12-15,190.96,Furniture,,,,,,,,
,,,,9221,2022-01-08,177.6,Books,,,,,,,,
,,,,5484,2022-08-07,277.57,Groceries,,,,,,,,
,,,,2738,2022-12-07,110.29,Books,,,,,,,,
,,,,7231,2022-03-08,401.9,Furniture,,,,,,,,
,,,,5278,2022-12-02,443.38,Books,,,,,,,,
,,,,6368,2022-12-14,171.69,Clothing,,,,,,,,
,,,,5345,2022-08-19,145.77,Electronics,,,,,,,,
,,,,5580,2022-05-04,272.38,Furniture,,,,,,,,
,,,,1580,2022-06-27,134.68,Groceries,,,,,,,,
,,,,9637,2022-11-01,144.79,Electronics,,,,,,,,
,,,,9809,2022-11-28,414.2,Clothing,,,,,,,,
,,,,7571,2022-11-24,491.52,Clothing,,,,,,,,
,,,,8434,2022-05-25,310.36,Books,,,,,,,,
,,,,9499,2022-02-22,304.15,Clothing,,,,,,,,
,,,,8435,2022-06-08,30.48,Groceries,,,,,,,,
,,,,5895,2022-12-25,403.33,Electronics,,,,,,,,
,,,,4423,2022-06-18,448.61,Clothing,,,,,,,,
,,,,2777,2022-06-29,158.31,Clothing,,,,,,,,
,,,,1738,2022-10-16,269.03,Groceries,,,,,,,,
,,,,3263,2022-05-15,153.67,Furniture,,,,,,,,
,,,,6618,2022-06-20,254.65,Furniture,,,,,,,,
,,,,7755,2022-09-15,288.47,Books,,,,,,,,
,,,,1687,2022-09-26,367.93,Clothing,,,,,,,,
,,,,4355,2022-11-11,163.11,Furniture,,,,,,,,
,,,,3000,2022-04-25,171.84,Groceries,,,,,,,,
,,,,7505,2022-11-01,86.01,Electronics,,,,,,,,
,,,,9861,2022-05-12,314.12,Clothing,,,,,,,,
,,,,5600,2022-12-20,391.93,Books,,,,,,,,
,,,,5799,2022-02-18,464.98,Groceries,,,,,,,,
,,,,3587,2022-02-02,469.78,Furniture,,,,,,,,
,,,,4043,2022-04-29,209.68,Electronics,,,,,,,,
,,,,2252,2022-03-28,240.21,Books,,,,,,,,
,,,,6341,2022-04-10,198.08,Groceries,,,,,,,,
,,,,2762,2022-08-14,363.42,Books,,,,,,,,
,,,,5727,2022-02-21,288.37,Furniture,,,,,,,,
,,,,8208,2022-06-12,388.46,Furniture,,,,,,,,
,,,,5722,2022-12-01,403.54,Furniture,,,,,,,,
,,,,6537,2022-03-27,334.91,Books,,,,,,,,
,,,,6482,2022-09-05,216.34,Books,,,,,,,,
,,,,7167,2022-08-08,409.74,Furniture,,,,,,,,
,,,,8941,2022-06-07,261.24,Furniture,,,,,,,,
,,,,4091,2022-03-25,338.97,Groceries,,,,,,,,
,,,,8247,2022-07-18,282.53,Books,,,,,,,,
,,,,7037,2022-07-15,347.62,Furniture,,,,,,,,
,,,,4447,2022-06-10,74.09,Clothing,,,,,,,,
,,,,8026,2022-09-23,28.71,Groceries,,,,,,,,
,,,,6202,2022-01-11,76.37,Groceries,,,,,,,,
,,,,1352,2022-04-06,289.07,Electronics,,,,,,,,
,,,,6565,2022-08-27,276.73,Groceries,,,,,,,,
,,,,2964,2022-04-02,90.19,Electronics,,,,,,,,
,,,,8306,2022-06-30,302.15,Books,,,,,,,,
,,,,6013,2022-06-14,27.15,Groceries,,,,,,,,
,,,,9632,2022-04-12,249.25,Books,,,,,,,,
,,,,4612,2022-02-19,337.64,Furniture,,,,,,,,
,,,,2782,2022-07-28,298.87,Electronics,,,,,,,,
,,,,6893,2022-11-21,9.8,Groceries,,,,,,,,
,,,,5624,2022-08-05,156.61,Clothing,,,,,,,,
,,,,6680,2022-03-26,229.15,Furniture,,,,,,,,
,,,,9202,2022-07-28,299.04,Groceries,,,,,,,,
,,,,2887,2022-06-06,241.73,Groceries,,,,,,,,
,,,,9209,2022-10-04,296.43,Books,,,,,,,,
,,,,9389,2022-07-31,19.9,Electronics,,,,,,,,
,,,,5906,2022-04-12,134.6,Electronics,,,,,,,,
,,,,1966,2022-12-12,310.99,Books,,,,,,,,
,,,,1117,2022-11-18,410.42,Groceries,,,,,,,,
,,,,2664,2022-08-15,126.61,Clothing,,,,,,,,
,,,,4201,2022-03-02,493.29,Furniture,,,,,,,,
,,,,6290,2022-04-02,272.15,Furniture,,,,,,,,
,,,,2417,2022-05-05,139.23,Books,,,,,,,,
,,,,9159,2022-10-01,20.91,Clothing,,,,,,,,
,,,,6505,2022-01-04,451.28,Electronics,,,,,,,,
,,,,9514,2022-04-29,201.88,Electronics,,,,,,,,
,,,,7972,2022-05-08,295.8,Clothing,,,,,,,,
,,,,3372,2022-07-12,359.9,Furniture,,,,,,,,
,,,,3263,2022-09-17,117.58,Clothing,,,,,,,,
,,,,8956,2022-08-22,218.25,Groceries,,,,,,,,
,,,,9543,2022-06-17,288.26,Groceries,,,,,,,,
,,,,2665,2022-01-04,359.91,Furniture,,,,,,,,
,,,,6205,2022-07-28,107.8,Electronics,,,,,,,,
,,,,6085,2022-05-17,372.12,Groceries,,,,,,,,
,,,,8428,2022-01-04,117.48,Books,,,,,,,,
,,,,9458,2022-10-11,119.69,Clothing,,,,,,,,
,,,,2108,2022-01-08,478.42,Books,,,,,,,,
,,,,7958,2022-08-28,311.85,Furniture,,,,,,,,
,,,,3935,2022-12-06,240.22,Books,,,,,,,,
,,,,4406,2022-11-21,178.11,Books,,,,,,,,
,,,,8826,2022-12-19,433.17,Books,,,,,,,,
,,,,6385,2022-04-05,293.56,Clothing,,,,,,,,
,,,,5541,2022-06-18,422.92,Furniture,,,,,,,,
,,,,9178,2022-04-22,267.03,Books,,,,,,,,
,,,,3168,2022-08-04,399.27,Groceries,,,,,,,,
,,,,3949,2022-02-19,209.71,Electronics,,,,,,,,
,,,,8116,2022-09-02,213.13,Groceries,,,,,,,,
,,,,4345,2022-12-18,417.22,Furniture,,,,,,,,
,,,,5479,2022-08-19,192.17,Books,,,,,,,,
,,,,4886,2022-09-11,159.96,Furniture,,,,,,,,
,,,,1003,2022-12-04,200.23,Groceries,,,,,,,,
,,,,4026,2022-03-23,224.52,Clothing,,,,,,,,
,,,,9851,2022-10-30,435.88,Books,,,,,,,,
,,,,6832,2022-05-07,396.22,Books,,,,,,,,
,,,,6486,2022-07-07,76.42,Groceries,,,,,,,,
,,,,7780,2022-02-09,267.46,Clothing,,,,,,,,
,,,,9387,2022-06-23,217.86,Clothing,,,,,,,,
,,,,1487,2022-07-04,211.29,Books,,,,,,,,
,,,,3897,2022-12-14,359.66,Furniture,,,,,,,,
,,,,4787,2022-05-02,269.33,Furniture,,,,,,,,
,,,,5196,2022-02-22,191.8,Books,,,,,,,,
,,,,4693,2022-08-10,179.18,Clothing,,,,,,,,
,,,,9060,2022-09-25,96.15,Furniture,,,,,,,,
,,,,7345,2022-03-15,64.24,Groceries,,,,,,,,
,,,,8460,2022-08-09,61.53,Furniture,,,,,,,,
,,,,2436,2022-01-10,271.31,Clothing,,,,,,,,
,,,,2766,2022-03-23,11.85,Furniture,,,,,,,,
,,,,1409,2022-10-24,34.91,Furniture,,,,,,,,
,,,,4565,2022-10-25,470.83,Books,,,,,,,,
,,,,8882,2022-08-17,65.46,Groceries,,,,,,,,
,,,,6049,2022-11-10,338.49,Furniture,,,,,,,,
,,,,9486,2022-03-30,262.82,Clothing,,,,,,,,
,,,,3075,2022-05-11,42.62,Furniture,,,,,,,,
,,,,8105,2022-01-02,28.8,Electronics,,,,,,,,
,,,,5406,2022-03-02,90.61,Clothing,,,,,,,,
,,,,6181,2022-01-05,24.28,Groceries,,,,,,,,
,,,,4378,2022-03-29,27.0,Clothing,,,,,,,,
,,,,2627,2022-01-16,213.42,Furniture,,,,,,,,
,,,,2716,2022-09-24,102.23,Clothing,,,,,,,,
,,,,8809,2022-03-16,120.75,Books,,,,,,,,
,,,,4660,2022-07-12,140.63,Books,,,,,,,,
,,,,3062,2022-01-11,172.92,Groceries,,,,,,,,
,,,,7916,2022-02-25,154.28,Furniture,,,,,,,,
,,,,6552,2022-12-17,182.09,Furniture,,,,,,,,
,,,,1039,2022-09-20,463.05,Books,,,,,,,,
,,,,2980,2022-04-17,178.12,Groceries,,,,,,,,
,,,,1637,2022-02-12,432.29,Groceries,,,,,,,,
,,,,2869,2022-01-04,302.32,Groceries,,,,,,,,
,,,,7485,2022-08-20,401.96,Furniture,,,,,,,,
,,,,4981,2022-10-07,89.07,Clothing,,,,,,,,
,,,,9792,2022-12-21,96.54,Electronics,,,,,,,,
,,,,3229,2022-08-15,477.46,Books,,,,,,,,
,,,,8202,2022-07-05,381.83,Groceries,,,,,,,,
,,,,8694,2022-12-19,441.92,Electronics,,,,,,,,
,,,,2376,2022-09-13,27.56,Electronics,,,,,,,,
,,,,8248,2022-10-18,61.97,Clothing,,,,,,,,
,,,,8707,2022-03-15,241.94,Groceries,,,,,,,,
,,,,6269,2022-06-22,161.63,Furniture,,,,,,,,
,,,,4944,2022-01-29,279.62,Electronics,,,,,,,,
,,,,2305,2022-01-25,151.96,Groceries,,,,,,,,
,,,,8654,2022-12-05,400.15,Electronics,,,,,,,,
,,,,6889,2022-02-18,321.14,Furniture,,,,,,,,
,,,,6245,2022-03-17,361.27,Furniture,,,,,,,,
,,,,1724,2022-06-03,61.98,Electronics,,,,,,,,
,,,,2360,2022-12-11,60.4,Clothing,,,,,,,,
,,,,8341,2022-05-25,357.39,Furniture,,,,,,,,
,,,,7725,2022-01-13,25.56,Clothing,,,,,,,,
,,,,4682,2022-03-05,395.95,Books,,,,,,,,
,,,,3615,2022-03-25,78.05,Books,,,,,,,,
,,,,7968,2022-03-05,149.31,Groceries,,,,,,,,
,,,,3046,2022-03-15,139.93,Books,,,,,,,,
,,,,7959,2022-11-02,145.07,Clothing,,,,,,,,
,,,,4290,2022-02-03,427.35,Electronics,,,,,,,,
,,,,2265,2022-07-01,429.99,Groceries,,,,,,,,
,,,,9669,2022-11-23,376.71,Furniture,,,,,,,,
,,,,1403,2022-10-19,177.08,Clothing,,,,,,,,
,,,,7053,2022-04-04,237.52,Books,,,,,,,,
,,,,7279,2022-09-15,151.01,Books,,,,,,,,
,,,,9617,2022-05-23,217.36,Groceries,,,,,,,,
,,,,8909,2022-12-29,356.88,Groceries,,,,,,,,
,,,,6748,2022-04-22,46.49,Clothing,,,,,,,,
,,,,5450,2022-05-24,246.7,Electronics,,,,,,,,
,,,,5918,2022-11-28,127.76,Books,,,,,,,,
,,,,8943,2022-02-07,120.77,Groceries,,,,,,,,
,,,,6383,2022-07-01,346.34,Electronics,,,,,,,,
,,,,1418,2022-08-24,6.69,Groceries,,,,,,,,
,,,,8177,2022-05-16,440.65,Clothing,,,,,,,,
,,,,9551,2022-02-04,156.87,Groceries,,,,,,,,
,,,,3776,2022-05-24,161.5,Furniture,,,,,,,,
,,,,1055,2022-05-31,377.79,Books,,,,,,,,
,,,,8645,2022-09-13,388.7,Books,,,,,,,,
,,,,4997,2022-11-25,172.15,Groceries,,,,,,,,
,,,,1678,2022-05-08,341.48,Groceries,,,,,,,,
,,,,1378,2022-11-12,322.05,Furniture,,,,,,,,
,,,,6732,2022-08-01,329.14,Furniture,,,,,,,,
,,,,8425,2022-02-02,172.33,Clothing,,,,,,,,
,,,,1139,2022-11-02,477.01,Books,,,,,,,,
,,,,1270,2022-08-23,237.97,Groceries,,,,,,,,
,,,,9446,2022-02-21,203.51,Groceries,,,,,,,,
,,,,7195,2022-11-18,272.78,Electronics,,,,,,,,
,,,,8062,2022-10-21,404.75,Books,,,,,,,,
,,,,2772,2022-10-25,341.27,Furniture,,,,,,,,
,,,,1170,2022-01-15,143.78,Furniture,,,,,,,,
,,,,7336,2022-12-21,239.79,Furniture,,,,,,,,
,,,,2760,2022-09-14,11.94,Clothing,,,,,,,,
,,,,7303,2022-09-17,341.44,Groceries,,,,,,,,
,,,,3484,2022-05-22,84.3,Books,,,,,,,,
,,,,8310,2022-08-07,230.85,Electronics,,,,,,,,
,,,,7299,2022-08-29,301.34,Groceries,,,,,,,,
,,,,2436,2022-02-23,272.54,Books,,,,,,,,
,,,,4177,2022-06-21,153.84,Groceries,,,,,,,,
,,,,1983,2022-03-27,432.05,Groceries,,,,,,,,
,,,,9760,2022-10-21,417.67,Books,,,,,,,,
,,,,3329,2022-04-16,31.47,Books,,,,,,,,
,,,,9875,2022-06-10,463.13,Groceries,,,,,,,,
,,,,9872,2022-08-11,452.16,Electronics,,,,,,,,
,,,,9372,2022-08-05,477.35,Electronics,,,,,,,,
,,,,4777,2022-09-30,209.12,Clothing,,,,,,,,
,,,,1688,2022-11-09,334.65,Electronics,,,,,,,,
,,,,5733,2022-06-14,471.51,Electronics,,,,,,,,
,,,,8850,2022-07-09,74.95,Groceries,,,,,,,,
,,,,7993,2022-04-29,233.35,Electronics,,,,,,,,
,,,,1281,2022-05-20,289.72,Groceries,,,,,,,,
,,,,2423,2022-06-29,464.71,Books,,,,,,,,
,,,,2116,2022-11-22,311.61,Groceries,,,,,,,,
,,,,8111,2022-03-08,345.03,Furniture,,,,,,,,
,,,,5509,2022-07-19,386.88,Books,,,,,,,,
,,,,5642,2022-12-07,369.64,Clothing,,,,,,,,
,,,,8904,2022-12-20,135.94,Furniture,,,,,,,,
,,,,4301,2022-09-12,153.54,Groceries,,,,,,,,
,,,,8333,2022-12-25,454.52,Groceries,,,,,,,,
,,,,3681,2022-11-30,13.86,Groceries,,,,,,,,
,,,,7899,2022-03-06,111.78,Electronics,,,,,,,,
,,,,8893,2022-11-26,304.27,Books,,,,,,,,
,,,,3689,2022-05-10,55.86,Groceries,,,,,,,,
,,,,8294,2022-11-27,211.03,Groceries,,,,,,,,
,,,,3605,2022-11-08,179.69,Electronics,,,,,,,,
,,,,5424,2022-10-18,100.6,Electronics,,,,,,,,
,,,,1163,2022-07-06,223.62,Furniture,,,,,,,,
,,,,5728,2022-04-03,337.59,Books,,,,,,,,
,,,,4287,2022-09-11,27.95,Groceries,,,,,,,,
,,,,1125,2022-08-30,277.63,Furniture,,,,,,,,
,,,,9466,2022-10-02,120.3,Books,,,,,,,,
,,,,3849,2022-06-17,30.38,Groceries,,,,,,,,
,,,,6733,2022-03-27,190.18,Books,,,,,,,,
,,,,9301,2022-08-04,465.07,Groceries,,,,,,,,
,,,,5304,2022-04-30,9.87,Electronics,,,,,,,,
,,,,9405,2022-04-10,207.06,Furniture,,,,,,,,
,,,,9537,2022-11-24,230.91,Furniture,,,,,,,,
,,,,6451,2022-01-24,257.24,Electronics,,,,,,,,
,,,,1885,2022-08-20,414.03,Furniture,,,,,,,,
,,,,1929,2022-11-02,366.66,Furniture,,,,,,,,
,,,,7434,2022-01-28,322.59,Electronics,,,,,,,,
,,,,6057,2022-09-22,426.47,Furniture,,,,,,,,
,,,,2325,2022-02-22,277.86,Electronics,,,,,,,,
,,,,1396,2022-05-01,231.49,Electronics,,,,,,,,
,,,,4931,2022-01-22,286.27,Groceries,,,,,,,,
,,,,8959,2022-06-23,406.87,Clothing,,,,,,,,
,,,,1108,2022-10-17,114.26,Clothing,,,,,,,,
,,,,5324,2022-06-07,424.22,Books,,,,,,,,
,,,,1485,2022-11-05,314.08,Books,,,,,,,,
,,,,3115,2022-04-29,163.28,Groceries,,,,,,,,
,,,,4622,2022-11-02,47.56,Groceries,,,,,,,,
,,,,1210,2022-05-19,403.2,Clothing,,,,,,,,
,,,,4129,2022-02-24,491.15,Books,,,,,,,,
,,,,5187,2022-01-29,185.28,Electronics,,,,,,,,
,,,,7888,2022-08-23,129.07,Clothing,,,,,,,,
,,,,8837,2022-08-15,84.03,Books,,,,,,,,
,,,,3203,2022-06-16,447.26,Clothing,,,,,,,,
,,,,6029,2022-06-25,133.76,Furniture,,,,,,,,
,,,,1692,2022-01-16,133.96,Electronics,,,,,,,,
,,,,8312,2022-02-08,375.99,Furniture,,,,,,,,
,,,,1083,2022-03-11,494.8,Electronics,,,,,,,,
,,,,1569,2022-03-16,442.08,Clothing,,,,,,,,
,,,,2659,2022-03-15,369.15,Furniture,,,,,,,,
,,,,6893,2022-09-20,157.0,Electronics,,,,,,,,
,,,,7483,2022-06-17,142.96,Electronics,,,,,,,,
,,,,6606,2022-11-29,35.63,Clothing,,,,,,,,
,,,,4149,2022-09-27,225.07,Furniture,,,,,,,,
,,,,2225,2022-04-02,372.67,Furniture,,,,,,,,
,,,,7567,2022-11-11,408.58,Groceries,,,,,,,,
,,,,6135,2022-03-29,57.78,Books,,,,,,,,
,,,,1566,2022-09-26,129.22,Furniture,,,,,,,,
,,,,4430,2022-12-21,441.99,Clothing,,,,,,,,
,,,,5344,2022-02-25,80.33,Furniture,,,,,,,,
,,,,7976,2022-10-11,213.9,Clothing,,,,,,,,
,,,,1907,2022-03-29,44.91,Electronics,,,,,,,,
,,,,2682,2022-05-25,470.02,Furniture,,,,,,,,
,,,,5353,2022-03-01,234.68,Books,,,,,,,,
,,,,6493,2022-07-24,34.81,Electronics,,,,,,,,
,,,,3258,2022-03-10,444.82,Books,,,,,,,,
,,,,1534,2022-01-11,264.6,Clothing,,,,,,,,
,,,,2601,2022-09-19,49.45,Books,,,,,,,,
,,,,8048,2022-03-19,390.41,Electronics,,,,,,,,
,,,,4189,2022-04-18,192.45,Groceries,,,,,,,,
,,,,2312,2022-09-12,23.21,Books,,,,,,,,
,,,,2679,2022-03-06,454.98,Books,,,,,,,,
,,,,7471,2022-12-25,225.82,Electronics,,,,,,,,
,,,,6883,2022-11-09,438.61,Furniture,,,,,,,,
,,,,5540,2022-09-28,206.93,Electronics,,,,,,,,
,,,,8585,2022-10-16,175.46,Groceries,,,,,,,,
,,,,1284,2022-06-25,452.64,Furniture,,,,,,,,
,,,,4159,2022-06-11,440.26,Clothing,,,,,,,,
,,,,5497,2022-09-05,284.36,Books,,,,,,,,
,,,,7476,2022-08-19,460.95,Books,,,,,,,,
,,,,3993,2022-06-02,127.73,Groceries,,,,,,,,
,,,,7468,2022-11-01,349.53,Books,,,,,,,,
,,,,6826,2022-03-28,97.49,Electronics,,,,,,,,
,,,,5155,2022-09-26,238.13,Books,,,,,,,,
,,,,5482,2022-04-26,342.36,Clothing,,,,,,,,
,,,,2414,2022-03-02,466.39,Books,,,,,,,,
,,,,4289,2022-03-15,266.08,Electronics,,,,,,,,
,,,,7479,2022-01-19,16.41,Books,,,,,,,,
,,,,9943,2022-03-19,223.0,Books,,,,,,,,
,,,,2866,2022-05-02,84.99,Furniture,,,,,,,,
,,,,6205,2022-03-26,368.57,Clothing,,,,,,,,
,,,,7112,2022-12-14,428.63,Groceries,,,,,,,,
,,,,9965,2022-01-21,395.72,Clothing,,,,,,,,
,,,,5358,2022-07-22,229.16,Books,,,,,,,,
,,,,8711,2022-10-13,328.88,Furniture,,,,,,,,
,,,,6180,2022-06-13,435.32,Clothing,,,,,,,,
,,,,6915,2022-07-31,128.09,Clothing,,,,,,,,
,,,,3940,2022-01-06,97.69,Electronics,,,,,,,,
,,,,2282,2022-07-21,272.88,Furniture,,,,,,,,
,,,,5157,2022-07-12,117.83,Books,,,,,,,,
,,,,1670,2022-12-07,282.23,Books,,,,,,,,
,,,,8774,2022-03-28,182.96,Furniture,,,,,,,,
,,,,3944,2022-07-12,197.16,Electronics,,,,,,,,
,,,,4790,2022-09-22,355.97,Clothing,,,,,,,,
,,,,3945,2022-09-29,303.16,Books,,,,,,,,
,,,,6968,2022-07-28,81.23,Electronics,,,,,,,,
,,,,5835,2022-05-13,147.82,Books,,,,,,,,
,,,,6836,2022-12-20,423.05,Furniture,,,,,,,,
,,,,8852,2022-08-16,61.93,Furniture,,,,,,,,
,,,,6884,2022-09-28,449.47,Groceries,,,,,,,,
,,,,6752,2022-06-09,272.57,Books,,,,,,,,
,,,,5220,2022-04-21,187.69,Electronics,,,,,,,,
,,,,1213,2022-09-13,193.55,Electronics,,,,,,,,
,,,,5225,2022-10-26,462.63,Clothing,,,,,,,,
,,,,2236,2022-03-31,145.12,Electronics,,,,,,,,
,,,,9965,2022-07-21,491.53,Books,,,,,,,,
,,,,6207,2022-08-26,240.06,Furniture,,,,,,,,
,,,,9234,2022-02-14,49.37,Groceries,,,,,,,,
,,,,1138,2022-04-08,197.4,Electronics,,,,,,,,
,,,,2558,2022-06-29,374.51,Groceries,,,,,,,,
,,,,5556,2022-06-30,452.61,Groceries,,,,,,,,
,,,,5845,2022-03-24,137.03,Furniture,,,,,,,,
,,,,8979,2022-02-12,56.36,Clothing,,,,,,,,
,,,,6656,2022-09-18,156.9,Groceries,,,,,,,,
,,,,1562,2022-05-24,165.51,Groceries,,,,,,,,
,,,,9774,2022-11-29,329.13,Clothing,,,,,,,,
,,,,3120,2022-01-22,97.96,Clothing,,,,,,,,
,,,,9203,2022-03-29,335.76,Electronics,,,,,,,,
,,,,6409,2022-01-26,8.31,Clothing,,,,,,,,
,,,,3756,2022-12-25,23.05,Electronics,,,,,,,,
,,,,1296,2022-07-25,395.02,Electronics,,,,,,,,
,,,,8949,2022-08-23,454.51,Clothing,,,,,,,,
,,,,9160,2022-07-13,138.4,Groceries,,,,,,,,
,,,,7791,2022-09-17,419.41,Electronics,,,,,,,,
,,,,9356,2022-10-29,233.14,Groceries,,,,,,,,
,,,,6771,2022-12-07,323.46,Groceries,,,,,,,,
,,,,4831,2022-10-26,353.11,Clothing,,,,,,,,
,,,,2709,2022-11-04,352.76,Groceries,,,,,,,,
,,,,9199,2022-03-11,116.38,Furniture,,,,,,,,
,,,,9875,2022-02-06,76.29,Books,,,,,,,,
,,,,3911,2022-01-06,352.38,Books,,,,,,,,
,,,,7808,2022-01-21,107.15,Furniture,,,,,,,,
,,,,3836,2022-10-28,5.53,Electronics,,,,,,,,
,,,,7094,2022-03-06,9.61,Books,,,,,,,,
,,,,2750,2022-10-25,100.52,Electronics,,,,,,,,
,,,,8200,2022-02-03,314.13,Clothing,,,,,,,,
,,,,8768,2022-05-07,403.16,Furniture,,,,,,,,
,,,,4002,2022-02-01,145.39,Clothing,,,,,,,,
,,,,4395,2022-04-29,286.8,Clothing,,,,,,,,
,,,,2663,2022-02-23,132.03,Electronics,,,,,,,,
,,,,8462,2022-09-05,77.59,Furniture,,,,,,,,
,,,,3916,2022-03-11,146.93,Electronics,,,,,,,,
,,,,2206,2022-10-17,6.26,Books,,,,,,,,
,,,,8563,2022-06-15,70.94,Electronics,,,,,,,,
,,,,4716,2022-03-06,11.09,Groceries,,,,,,,,
,,,,7763,2022-12-11,465.69,Groceries,,,,,,,,
,,,,3875,2022-12-07,278.31,Books,,,,,,,,
,,,,6712,2022-01-04,290.36,Electronics,,,,,,,,
,,,,5723,2022-01-29,282.29,Electronics,,,,,,,,
,,,,1847,2022-11-16,136.67,Books,,,,,,,,
,,,,3804,2022-04-03,413.51,Groceries,,,,,,,,
,,,,3024,2022-10-24,358.01,Books,,,,,,,,
,,,,6043,2022-04-14,308.01,Books,,,,,,,,
,,,,7390,2022-12-30,295.99,Furniture,,,,,,,,
,,,,3167,2022-05-21,433.32,Books,,,,,,,,
,,,,2739,2022-12-29,384.52,Electronics,,,,,,,,
,,,,7713,2022-05-22,311.75,Clothing,,,,,,,,
,,,,8950,2022-12-26,239.48,Electronics,,,,,,,,
,,,,1729,2022-04-22,267.78,Clothing,,,,,,,,
,,,,7639,2022-10-09,330.62,Furniture,,,,,,,,
,,,,5515,2022-07-22,380.62,Books,,,,,,,,
,,,,5791,2022-12-04,283.02,Groceries,,,,,,,,
,,,,3788,2022-07-07,449.36,Electronics,,,,,,,,
,,,,9542,2022-12-14,495.94,Furniture,,,,,,,,
,,,,7754,2022-03-13,335.64,Books,,,,,,,,
,,,,1805,2022-04-11,342.55,Books,,,,,,,,
,,,,9070,2022-04-29,139.87,Books,,,,,,,,
,,,,8946,2022-11-17,175.84,Books,,,,,,,,
,,,,5578,2022-03-13,399.5,Furniture,,,,,,,,
,,,,2027,2022-12-08,368.7,Books,,,,,,,,
,,,,6311,2022-10-15,307.14,Electronics,,,,,,,,
,,,,8932,2022-06-13,400.46,Electronics,,,,,,,,
,,,,5851,2022-02-12,448.23,Furniture,,,,,,,,
,,,,6582,2022-03-08,484.94,Groceries,,,,,,,,
,,,,6563,2022-04-15,116.3,Books,,,,,,,,
,,,,8003,2022-05-28,405.47,Furniture,,,,,,,,
,,,,1367,2022-08-01,421.6,Furniture,,,,,,,,
,,,,2771,2022-01-29,204.58,Books,,,,,,,,
,,,,2201,2022-10-26,63.85,Groceries,,,,,,,,
,,,,8759,2022-01-28,355.91,Books,,,,,,,,
,,,,4344,2022-12-22,86.08,Furniture,,,,,,,,
,,,,3117,2022-11-19,156.09,Clothing,,,,,,,,
,,,,1805,2022-09-15,373.3,Groceries,,,,,,,,
,,,,9469,2022-06-29,487.18,Groceries,,,,,,,,
,,,,8945,2022-08-18,153.37,Groceries,,,,,,,,
,,,,5101,2022-04-02,427.27,Clothing,,,,,,,,
,,,,9014,2022-12-28,6.3,Electronics,,,,,,,,
,,,,5333,2022-02-11,380.33,Furniture,,,,,,,,
,,,,5699,2022-06-25,35.85,Groceries,,,,,,,,
,,,,8669,2022-05-04,254.79,Furniture,,,,,,,,
,,,,1682,2022-05-09,12.3,Books,,,,,,,,
,,,,1656,2022-07-04,251.54,Books,,,,,,,,
,,,,9377,2022-12-11,170.94,Clothing,,,,,,,,
,,,,1139,2022-06-10,375.26,Books,,,,,,,,
,,,,1890,2022-05-30,90.26,Books,,,,,,,,
,,,,5241,2022-03-11,208.95,Books,,,,,,,,
,,,,8374,2022-02-02,251.99,Groceries,,,,,,,,
,,,,7797,2022-05-05,251.45,Groceries,,,,,,,,
,,,,7873,2022-10-26,440.49,Clothing,,,,,,,,
,,,,5856,2022-06-18,102.71,Furniture,,,,,,,,
,,,,4901,2022-04-12,133.2,Groceries,,,,,,,,
,,,,8910,2022-07-07,245.32,Electronics,,,,,,,,
,,,,3755,2022-05-29,469.58,Books,,,,,,,,
,,,,8006,2022-01-28,354.99,Clothing,,,,,,,,
,,,,7367,2022-11-23,73.91,Groceries,,,,,,,,
,,,,4656,2022-12-25,398.24,Books,,,,,,,,
,,,,8567,2022-01-01,479.59,Groceries,,,,,,,,
,,,,7851,2022-09-11,469.35,Groceries,,,,,,,,
,,,,1987,2022-06-22,235.1,Groceries,,,,,,,,
,,,,1421,2022-05-16,318.89,Electronics,,,,,,,,
,,,,8579,2022-09-02,207.38,Books,,,,,,,,
,,,,6696,2022-10-23,68.59,Electronics,,,,,,,,
,,,,5352,2022-06-20,189.16,Furniture,,,,,,,,
,,,,9102,2022-02-01,26.85,Electronics,,,,,,,,
,,,,6026,2022-11-01,460.01,Books,,,,,,,,
,,,,7300,2022-07-28,375.69,Books,,,,,,,,
,,,,9558,2022-11-30,471.05,Groceries,,,,,,,,
,,,,4334,2022-07-20,70.95,Groceries,,,,,,,,
,,,,6917,2022-07-07,231.48,Clothing,,,,,,,,
,,,,7129,2022-06-03,488.48,Books,,,,,,,,
,,,,9805,2022-01-20,30.48,Furniture,,,,,,,,
,,,,6160,2022-04-07,142.24,Groceries,,,,,,,,
,,,,3064,2022-07-30,116.04,Groceries,,,,,,,,
,,,,4732,2022-09-13,355.87,Furniture,,,,,,,,
,,,,7301,2022-04-20,146.54,Books,,,,,,,,
,,,,4680,2022-04-25,100.04,Groceries,,,,,,,,
,,,,6178,2022-07-22,330.16,Books,,,,,,,,
,,,,3714,2022-10-06,15.23,Furniture,,,,,,,,
,,,,9325,2022-06-27,51.9,Furniture,,,,,,,,
,,,,6303,2022-01-20,262.51,Furniture,,,,,,,,
,,,,1491,2022-04-03,412.82,Clothing,,,,,,,,
,,,,9925,2022-11-14,227.05,Books,,,,,,,,
,,,,4985,2022-11-04,102.81,Furniture,,,,,,,,
,,,,3932,2022-07-01,450.23,Electronics,,,,,,,,
,,,,7830,2022-11-01,307.53,Electronics,,,,,,,,
,,,,2656,2022-12-15,399.49,Electronics,,,,,,,,
,,,,2551,2022-04-19,254.6,Furniture,,,,,,,,
,,,,6963,2022-06-07,237.99,Books,,,,,,,,
,,,,9764,2022-08-31,164.06,Groceries,,,,,,,,
,,,,4917,2022-11-04,380.49,Books,,,,,,,,
,,,,1509,2022-02-08,354.71,Furniture,,,,,,,,
,,,,3061,2022-08-04,458.77,Electronics,,,,,,,,
,,,,6650,2022-07-21,27.39,Furniture,,,,,,,,
,,,,2442,2022-06-21,189.61,Furniture,,,,,,,,
,,,,9234,2022-01-31,62.01,Groceries,,,,,,,,
,,,,5659,2022-10-07,39.47,Clothing,,,,,,,,
,,,,9249,2022-05-29,290.04,Clothing,,,,,,,,
,,,,4258,2022-04-28,409.04,Groceries,,,,,,,,
,,,,6256,2022-02-23,150.97,Clothing,,,,,,,,
,,,,9364,2022-02-20,188.2,Furniture,,,,,,,,
,,,,2667,2022-05-19,284.89,Electronics,,,,,,,,
,,,,5588,2022-03-22,118.46,Electronics,,,,,,,,
,,,,4584,2022-05-20,495.77,Furniture,,,,,,,,
,,,,5531,2022-01-18,439.16,Groceries,,,,,,,,
,,,,1844,2022-07-22,112.77,Groceries,,,,,,,,
,,,,4812,2022-06-03,188.1,Furniture,,,,,,,,
,,,,7751,2022-03-28,324.28,Electronics,,,,,,,,
,,,,1864,2022-02-08,147.96,Clothing,,,,,,,,
,,,,1526,2022-12-26,47.52,Clothing,,,,,,,,
,,,,8739,2022-01-21,207.22,Groceries,,,,,,,,
,,,,1518,2022-01-25,53.53,Books,,,,,,,,
,,,,9861,2022-05-14,13.27,Electronics,,,,,,,,
,,,,9890,2022-11-27,440.39,Furniture,,,,,,,,
,,,,5488,2022-10-11,475.45,Furniture,,,,,,,,
,,,,7668,2022-09-26,98.43,Electronics,,,,,,,,
,,,,4248,2022-10-20,452.21,Books,,,,,,,,
,,,,2930,2022-05-30,46.92,Clothing,,,,,,,,
,,,,5628,2022-08-30,168.28,Furniture,,,,,,,,
,,,,6968,2022-08-05,220.26,Electronics,,,,,,,,
,,,,5886,2022-02-13,134.35,Furniture,,,,,,,,
,,,,1633,2022-11-18,281.95,Furniture,,,,,,,,
,,,,3410,2022-11-06,477.82,Books,,,,,,,,
,,,,8733,2022-05-06,174.14,Clothing,,,,,,,,
,,,,1917,2022-07-17,205.58,Furniture,,,,,,,,
,,,,1910,2022-02-14,122.33,Books,,,,,,,,
,,,,2131,2022-02-13,307.16,Books,,,,,,,,
,,,,2501,2022-02-01,361.95,Clothing,,,,,,,,
,,,,9361,2022-10-20,341.17,Clothing,,,,,,,,
,,,,7194,2022-01-25,128.17,Groceries,,,,,,,,
,,,,4523,2022-04-09,244.2,Groceries,,,,,,,,
,,,,5433,2022-12-17,259.39,Books,,,,,,,,
,,,,2319,2022-05-07,270.45,Groceries,,,,,,,,
,,,,4510,2022-06-06,144.57,Electronics,,,,,,,,
,,,,7979,2022-05-02,245.17,Groceries,,,,,,,,
,,,,2137,2022-06-02,241.39,Electronics,,,,,,,,
,,,,1186,2022-05-08,49.67,Groceries,,,,,,,,
,,,,8077,2022-03-15,412.06,Groceries,,,,,,,,
,,,,7332,2022-10-06,402.14,Groceries,,,,,,,,
,,,,9768,2022-08-21,325.75,Books,,,,,,,,
,,,,8088,2022-08-23,44.72,Books,,,,,,,,
,,,,9466,2022-09-27,143.04,Furniture,,,,,,,,
,,,,3915,2022-01-24,289.57,Books,,,,,,,,
,,,,8845,2022-10-01,293.88,Clothing,,,,,,,,
,,,,2678,2022-05-04,393.73,Electronics,,,,,,,,
,,,,7717,2022-07-19,368.21,Clothing,,,,,,,,
,,,,9875,2022-09-20,329.97,Furniture,,,,,,,,
,,,,1311,2022-08-28,430.35,Clothing,,,,,,,,
,,,,5496,2022-12-25,185.31,Furniture,,,,,,,,
,,,,7976,2022-09-11,123.06,Clothing,,,,,,,,
,,,,3602,2022-06-27,16.15,Books,,,,,,,,
,,,,2208,2022-09-08,499.7,Furniture,,,,,,,,
,,,,9047,2022-08-20,271.61,Clothing,,,,,,,,
,,,,2589,2022-12-17,408.66,Electronics,,,,,,,,
,,,,4993,2022-08-16,442.05,Furniture,,,,,,,,
,,,,2843,2022-09-10,234.23,Groceries,,,,,,,,
,,,,4348,2022-12-06,189.45,Furniture,,,,,,,,
,,,,9238,2022-05-16,388.15,Groceries,,,,,,,,
,,,,2297,2022-11-10,359.22,Groceries,,,,,,,,
,,,,8186,2022-04-07,272.67,Groceries,,,,,,,,
,,,,9379,2022-11-09,314.47,Furniture,,,,,,,,
,,,,5778,2022-12-17,195.81,Furniture,,,,,,,,
,,,,5033,2022-02-08,266.11,Groceries,,,,,,,,
,,,,2403,2022-07-01,75.32,Clothing,,,,,,,,
,,,,8943,2022-05-10,312.73,Books,,,,,,,,
,,,,7876,2022-05-18,138.5,Furniture,,,,,,,,
,,,,3598,2022-11-26,157.83,Groceries,,,,,,,,
,,,,2510,2022-02-08,380.71,Furniture,,,,,,,,
,,,,7878,2022-08-03,475.17,Books,,,,,,,,
,,,,3885,2022-03-01,17.22,Clothing,,,,,,,,
,,,,5993,2022-08-28,319.9,Groceries,,,,,,,,
,,,,8534,2022-08-06,327.29,Groceries,,,,,,,,
,,,,6722,2022-12-27,300.42,Furniture,,,,,,,,
,,,,7194,2022-05-21,267.93,Books,,,,,,,,
,,,,8612,2022-09-13,384.71,Books,,,,,,,,
,,,,8511,2022-09-20,268.9,Groceries,,,,,,,,
,,,,2883,2022-10-18,398.37,Clothing,,,,,,,,
,,,,7530,2022-11-24,33.28,Groceries,,,,,,,,
,,,,7108,2022-03-31,100.01,Furniture,,,,,,,,
,,,,9302,2022-09-11,399.81,Books,,,,,,,,
,,,,9786,2022-10-17,332.76,Clothing,,,,,,,,
,,,,9158,2022-01-01,392.01,Books,,,,,,,,
,,,,6944,2022-01-09,284.12,Furniture,,,,,,,,
,,,,9228,2022-10-22,105.24,Electronics,,,,,,,,
,,,,6013,2022-11-05,430.51,Furniture,,,,,,,,
,,,,3218,2022-01-01,453.49,Books,,,,,,,,
,,,,9511,2022-03-01,246.81,Books,,,,,,,,
,,,,9278,2022-06-28,362.77,Electronics,,,,,,,,
,,,,4007,2022-10-08,152.27,Furniture,,,,,,,,
,,,,5954,2022-02-18,195.12,Electronics,,,,,,,,
,,,,7922,2022-10-13,307.53,Furniture,,,,,,,,
,,,,9725,2022-12-17,291.77,Clothing,,,,,,,,
,,,,3199,2022-11-07,164.97,Books,,,,,,,,
,,,,2304,2022-10-10,119.81,Furniture,,,,,,,,
,,,,6588,2022-10-22,414.29,Groceries,,,,,,,,
,,,,1977,2022-12-17,284.42,Books,,,,,,,,
,,,,2459,2022-03-22,340.89,Books,,,,,,,,
,,,,5878,2022-08-18,144.31,Groceries,,,,,,,,
,,,,7403,2022-09-19,69.91,Groceries,,,,,,,,
,,,,6632,2022-06-10,464.1,Groceries,,,,,,,,
,,,,4032,2022-08-11,482.86,Groceries,,,,,,,,
,,,,4804,2022-10-13,483.08,Electronics,,,,,,,,
,,,,9651,2022-12-07,336.45,Books,,,,,,,,
,,,,7222,2022-01-28,181.08,Furniture,,,,,,,,
,,,,6577,2022-10-19,278.38,Furniture,,,,,,,,
,,,,6946,2022-01-11,204.37,Furniture,,,,,,,,
,,,,8112,2022-07-23,25.74,Groceries,,,,,,,,
,,,,5224,2022-03-23,142.59,Furniture,,,,,,,,
,,,,9458,2022-09-07,465.61,Groceries,,,,,,,,
,,,,2683,2022-03-03,371.71,Groceries,,,,,,,,
,,,,7547,2022-08-19,417.07,Furniture,,,,,,,,
,,,,6613,2022-09-01,213.26,Groceries,,,,,,,,
,,,,8891,2022-06-21,20.69,Groceries,,,,,,,,
,,,,2388,2022-08-16,272.39,Electronics,,,,,,,,
,,,,3973,2022-09-09,114.46,Clothing,,,,,,,,
,,,,3865,2022-02-12,355.91,Furniture,,,,,,,,
,,,,2551,2022-01-11,420.17,Electronics,,,,,,,,
,,,,1492,2022-05-15,115.9,Books,,,,,,,,
,,,,9332,2022-05-08,422.72,Electronics,,,,,,,,
,,,,9490,2022-07-28,116.78,Groceries,,,,,,,,
,,,,1665,2022-09-30,383.84,Electronics,,,,,,,,
,,,,1497,2022-12-08,349.02,Electronics,,,,,,,,
,,,,1844,2022-07-22,177.98,Furniture,,,,,,,,
,,,,6434,2022-05-13,380.42,Groceries,,,,,,,,
,,,,5626,2022-04-15,94.2,Clothing,,,,,,,,
,,,,6634,2022-04-04,471.3,Electronics,,,,,,,,
,,,,2393,2022-07-17,134.39,Electronics,,,,,,,,
,,,,6508,2022-11-28,404.56,Groceries,,,,,,,,
,,,,1773,2022-04-11,415.09,Groceries,,,,,,,,
,,,,6847,2022-07-09,301.42,Furniture,,,,,,,,
,,,,8495,2022-03-22,280.44,Clothing,,,,,,,,
,,,,9078,2022-03-10,41.98,Furniture,,,,,,,,
,,,,3988,2022-03-10,225.45,Furniture,,,,,,,,
,,,,5248,2022-11-09,19.95,Electronics,,,,,,,,
,,,,1887,2022-06-09,27.74,Groceries,,,,,,,,
,,,,8144,2022-11-12,143.56,Groceries,,,,,,,,
,,,,1178,2022-08-19,305.04,Electronics,,,,,,,,
,,,,9664,2022-10-24,227.86,Electronics,,,,,,,,
,,,,8963,2022-05-11,196.54,Furniture,,,,,,,,
,,,,6011,2022-07-15,336.72,Clothing,,,,,,,,
,,,,8286,2022-02-08,261.55,Electronics,,,,,,,,
,,,,3097,2022-04-24,272.26,Books,,,,,,,,
,,,,4581,2022-07-02,463.63,Furniture,,,,,,,,
,,,,4562,2022-04-21,204.8,Groceries,,,,,,,,
,,,,2454,2022-10-15,33.19,Groceries,,,,,,,,
,,,,4187,2022-06-27,190.77,Clothing,,,,,,,,
,,,,8356,2022-04-18,87.02,Clothing,,,,,,,,
,,,,6056,2022-02-17,184.86,Clothing,,,,,,,,
,,,,2081,2022-04-10,73.5,Clothing,,,,,,,,
,,,,9658,2022-05-30,362.0,Furniture,,,,,,,,
,,,,7198,2022-03-26,232.07,Groceries,,,,,,,,
,,,,3423,2022-01-15,491.3,Books,,,,,,,,
,,,,6794,2022-01-25,433.74,Books,,,,,,,,
,,,,1271,2022-06-01,426.54,Electronics,,,,,,,,
,,,,4766,2022-03-09,96.31,Electronics,,,,,,,,
,,,,7653,2022-10-24,441.43,Furniture,,,,,,,,
,,,,2747,2022-05-21,143.07,Clothing,,,,,,,,
,,,,2697,2022-06-06,41.61,Furniture,,,,,,,,
,,,,1691,2022-12-14,102.42,Books,,,,,,,,
,,,,6859,2022-12-10,246.51,Electronics,,,,,,,,
,,,,9812,2022-07-11,354.64,Clothing,,,,,,,,
,,,,7362,2022-02-25,75.03,Furniture,,,,,,,,
,,,,1484,2022-08-21,318.44,Books,,,,,,,,
,,,,8862,2022-06-30,420.05,Groceries,,,,,,,,
,,,,6865,2022-06-17,435.0,Books,,,,,,,,
,,,,5284,2022-11-06,193.74,Clothing,,,,,,,,
,,,,9291,2022-07-05,363.01,Groceries,,,,,,,,
,,,,7657,2022-09-08,105.38,Electronics,,,,,,,,
,,,,2481,2022-10-27,405.24,Electronics,,,,,,,,
,,,,9832,2022-03-01,311.06,Electronics,,,,,,,,
,,,,6422,2022-10-16,482.47,Books,,,,,,,,
,,,,1869,2022-10-04,489.19,Electronics,,,,,,,,
,,,,8120,2022-09-29,202.41,Furniture,,,,,,,,
,,,,6688,2022-04-29,305.08,Groceries,,,,,,,,
,,,,8586,2022-10-29,110.37,Clothing,,,,,,,,
,,,,6068,2022-11-11,235.6,Furniture,,,,,,,,
,,,,4145,2022-07-19,400.97,Clothing,,,,,,,,
,,,,3848,2022-01-16,68.53,Clothing,,,,,,,,
,,,,7449,2022-02-17,11.01,Furniture,,,,,,,,
,,,,2753,2022-08-24,350.71,Furniture,,,,,,,,
,,,,2906,2022-08-25,404.28,Furniture,,,,,,,,
,,,,5811,2022-01-12,423.99,Books,,,,,,,,
,,,,1950,2022-03-03,314.81,Groceries,,,,,,,,
,,,,1432,2022-08-31,436.9,Electronics,,,,,,,,
,,,,1734,2022-10-19,130.31,Books,,,,,,,,
,,,,1421,2022-12-06,361.48,Furniture,,,,,,,,
,,,,5762,2022-10-25,232.94,Books,,,,,,,,
,,,,6747,2022-12-22,112.95,Furniture,,,,,,,,
,,,,8612,2022-03-12,238.12,Books,,,,,,,,
,,,,1478,2022-10-09,134.7,Groceries,,,,,,,,
,,,,2318,2022-05-04,179.72,Clothing,,,,,,,,
,,,,8606,2022-08-01,238.87,Clothing,,,,,,,,
,,,,7386,2022-08-14,438.23,Electronics,,,,,,,,
,,,,6051,2022-04-03,428.3,Books,,,,,,,,
,,,,7385,2022-11-29,224.66,Electronics,,,,,,,,
,,,,3647,2022-07-22,497.02,Clothing,,,,,,,,
,,,,3067,2022-05-25,80.89,Clothing,,,,,,,,
,,,,7490,2022-01-14,332.87,Clothing,,,,,,,,
,,,,7444,2022-02-01,194.01,Clothing,,,,,,,,
,,,,9959,2022-05-07,386.5,Electronics,,,,,,,,
,,,,8936,2022-01-11,41.06,Furniture,,,,,,,,
,,,,5540,2022-10-06,94.96,Furniture,,,,,,,,
,,,,4347,2022-03-12,196.85,Electronics,,,,,,,,
,,,,7041,2022-07-02,214.66,Groceries,,,,,,,,
,,,,3314,2022-04-25,19.05,Furniture,,,,,,,,
,,,,4127,2022-09-05,12.33,Electronics,,,,,,,,
,,,,8890,2022-05-09,79.79,Books,,,,,,,,
,,,,8964,2022-09-13,239.88,Electronics,,,,,,,,
,,,,3965,2022-04-02,113.06,Books,,,,,,,,
,,,,4055,2022-04-03,423.25,Electronics,,,,,,,,
,,,,9175,2022-02-15,170.41,Electronics,,,,,,,,
,,,,3412,2022-04-06,109.25,Electronics,,,,,,,,
,,,,3240,2022-06-07,191.04,Groceries,,,,,,,,
,,,,6615,2022-06-22,314.75,Electronics,,,,,,,,
,,,,5612,2022-10-03,127.1,Electronics,,,,,,,,
,,,,5081,2022-01-23,286.77,Clothing,,,,,,,,
,,,,5797,2022-07-06,123.05,Furniture,,,,,,,,
,,,,8115,2022-11-21,69.36,Groceries,,,,,,,,
,,,,8699,2022-05-25,208.48,Books,,,,,,,,
,,,,8866,2022-06-07,287.59,Furniture,,,,,,,,
,,,,9491,2022-05-15,88.03,Furniture,,,,,,,,
,,,,9668,2022-02-11,402.65,Clothing,,,,,,,,
,,,,6780,2022-04-24,257.03,Furniture,,,,,,,,
,,,,9974,2022-11-13,130.19,Groceries,,,,,,,,
,,,,3030,2022-12-03,134.34,Books,,,,,,,,
,,,,9377,2022-06-11,261.91,Electronics,,,,,,,,
,,,,4461,2022-04-21,268.05,Furniture,,,,,,,,
,,,,4896,2022-02-21,375.65,Books,,,,,,,,
,,,,9840,2022-04-11,295.31,Clothing,,,,,,,,
,,,,2910,2022-03-01,459.01,Books,,,,,,,,
,,,,1000,2022-04-07,10.21,Books,,,,,,,,
,,,,3119,2022-04-03,482.52,Groceries,,,,,,,,
,,,,4217,2022-03-30,261.49,Groceries,,,,,,,,
,,,,3059,2022-01-11,44.26,Books,,,,,,,,
,,,,9715,2022-06-10,326.45,Furniture,,,,,,,,
,,,,5519,2022-08-30,353.24,Groceries,,,,,,,,
,,,,8357,2022-12-20,458.94,Furniture,,,,,,,,
,,,,2121,2022-12-10,178.5,Furniture,,,,,,,,
,,,,5815,2022-11-22,148.98,Furniture,,,,,,,,
,,,,1344,2022-12-09,132.6,Furniture,,,,,,,,
,,,,5932,2022-04-18,101.27,Clothing,,,,,,,,
,,,,6958,2022-07-07,115.27,Groceries,,,,,,,,
,,,,6684,2022-10-06,410.41,Clothing,,,,,,,,
,,,,3138,2022-11-30,392.58,Groceries,,,,,,,,
,,,,5591,2022-06-01,168.75,Clothing,,,,,,,,
,,,,1289,2022-04-03,214.35,Books,,,,,,,,
,,,,7363,2022-05-23,298.09,Furniture,,,,,,,,
,,,,8884,2022-02-25,235.03,Books,,,,,,,,
,,,,6092,2022-07-04,454.6,Groceries,,,,,,,,
,,,,1105,2022-06-13,445.25,Furniture,,,,,,,,
,,,,7222,2022-10-08,195.55,Electronics,,,,,,,,
,,,,9872,2022-05-23,49.62,Electronics,,,,,,,,
,,,,7179,2022-05-30,157.41,Electronics,,,,,,,,
,,,,2072,2022-05-30,41.19,Electronics,,,,,,,,
,,,,8047,2022-01-31,488.45,Books,,,,,,,,
,,,,6050,2022-07-16,165.23,Books,,,,,,,,
,,,,7542,2022-04-18,9.43,Clothing,,,,,,,,
,,,,4510,2022-09-03,369.33,Furniture,,,,,,,,
,,,,3674,2022-09-06,450.66,Books,,,,,,,,
,,,,9917,2022-11-22,112.57,Clothing,,,,,,,,
,,,,3873,2022-09-13,213.38,Groceries,,,,,,,,
,,,,6657,2022-01-07,19.49,Books,,,,,,,,
,,,,4888,2022-04-06,130.17,Electronics,,,,,,,,
,,,,2149,2022-06-08,247.27,Clothing,,,,,,,,
,,,,6470,2022-01-03,245.41,Groceries,,,,,,,,
,,,,6561,2022-03-24,279.26,Electronics,,,,,,,,
,,,,3779,2022-02-02,127.09,Clothing,,,,,,,,
,,,,2485,2022-01-14,335.62,Clothing,,,,,,,,
,,,,6801,2022-09-19,450.43,Groceries,,,,,,,,
,,,,8034,2022-02-21,397.77,Furniture,,,,,,,,
,,,,4704,2022-12-06,290.57,Electronics,,,,,,,,
,,,,3047,2022-08-26,280.32,Electronics,,,,,,,,
,,,,7094,2022-05-25,249.21,Clothing,,,,,,,,
,,,,2368,2022-07-04,27.32,Groceries,,,,,,,,
,,,,8294,2022-03-25,463.0,Electronics,,,,,,,,
,,,,3207,2022-07-16,21.73,Electronics,,,,,,,,
,,,,4021,2022-08-07,459.61,Electronics,,,,,,,,
,,,,7921,2022-10-04,97.44,Groceries,,,,,,,,
,,,,4423,2022-02-14,247.1,Books,,,,,,,,
,,,,5996,2022-11-22,57.34,Books,,,,,,,,
,,,,5943,2022-02-04,6.65,Books,,,,,,,,
,,,,5020,2022-08-23,19.36,Furniture,,,,,,,,
,,,,9125,2022-07-06,355.83,Clothing,,,,,,,,
,,,,2806,2022-01-15,397.46,Furniture,,,,,,,,
,,,,2376,2022-04-07,480.0,Books,,,,,,,,
,,,,5151,2022-02-18,33.75,Furniture,,,,,,,,
,,,,4424,2022-12-07,488.65,Electronics,,,,,,,,
,,,,8970,2022-08-18,138.91,Books,,,,,,,,
,,,,4669,2022-12-17,162.79,Groceries,,,,,,,,
,,,,2215,2022-11-28,447.59,Groceries,,,,,,,,
,,,,3437,2022-10-30,371.73,Electronics,,,,,,,,
,,,,4955,2022-11-17,452.27,Groceries,,,,,,,,
,,,,6480,2022-07-11,185.65,Clothing,,,,,,,,
,,,,9105,2022-04-01,444.38,Electronics,,,,,,,,
,,,,2249,2022-12-31,69.42,Books,,,,,,,,
,,,,3635,2022-05-17,426.53,Clothing,,,,,,,,
,,,,2184,2022-09-29,412.55,Electronics,,,,,,,,
,,,,7023,2022-08-10,135.06,Electronics,,,,,,,,
,,,,5494,2022-02-20,117.48,Electronics,,,,,,,,
,,,,9994,2022-05-25,324.23,Books,,,,,,,,
,,,,9201,2022-05-29,265.29,Groceries,,,,,,,,
,,,,3016,2022-08-31,273.58,Clothing,,,,,,,,
,,,,3909,2022-12-10,343.78,Books,,,,,,,,
,,,,3231,2022-11-22,43.73,Books,,,,,,,,
,,,,6836,2022-10-22,27.91,Clothing,,,,,,,,
,,,,6019,2022-10-27,155.11,Furniture,,,,,,,,
,,,,5200,2022-02-15,82.42,Books,,,,,,,,
,,,,3645,2022-04-09,474.26,Books,,,,,,,,
,,,,6586,2022-02-22,262.76,Electronics,,,,,,,,
,,,,5126,2022-07-27,431.79,Groceries,,,,,,,,
,,,,4301,2022-04-07,412.29,Clothing,,,,,,,,
,,,,2849,2022-07-24,31.87,Clothing,,,,,,,,
,,,,5581,2022-02-13,88.08,Books,,,,,,,,
,,,,6156,2022-01-15,124.6,Groceries,,,,,,,,
,,,,3555,2022-09-12,428.3,Electronics,,,,,,,,
,,,,8950,2022-12-30,169.69,Clothing,,,,,,,,
,,,,7076,2022-05-25,94.74,Groceries,,,,,,,,
,,,,9178,2022-09-08,359.14,Groceries,,,,,,,,
,,,,6629,2022-11-18,307.47,Furniture,,,,,,,,
,,,,2158,2022-01-03,212.2,Books,,,,,,,,
,,,,9442,2022-02-09,85.26,Electronics,,,,,,,,
,,,,3758,2022-11-12,137.08,Electronics,,,,,,,,
,,,,3168,2022-12-07,265.14,Groceries,,,,,,,,
,,,,2493,2022-05-03,476.78,Clothing,,,,,,,,
,,,,7629,2022-10-03,435.43,Furniture,,,,,,,,
,,,,3882,2022-09-03,377.12,Groceries,,,,,,,,
,,,,3768,2022-07-29,36.76,Furniture,,,,,,,,
,,,,7062,2022-06-15,134.56,Groceries,,,,,,,,
,,,,9485,2022-10-26,415.86,Groceries,,,,,,,,
,,,,4674,2022-12-01,348.37,Books,,,,,,,,
,,,,6017,2022-12-17,307.78,Furniture,,,,,,,,
,,,,3998,2022-08-11,162.67,Clothing,,,,,,,,
,,,,6995,2022-04-27,292.95,Electronics,,,,,,,,
,,,,4808,2022-07-28,30.37,Furniture,,,,,,,,
,,,,5629,2022-08-17,334.09,Groceries,,,,,,,,
,,,,7221,2022-12-08,453.75,Groceries,,,,,,,,
,,,,7487,2022-02-12,180.88,Books,,,,,,,,
,,,,5039,2022-05-18,120.13,Groceries,,,,,,,,
,,,,4963,2022-08-22,121.14,Books,,,,,,,,
,,,,5549,2022-04-01,288.09,Groceries,,,,,,,,
,,,,8253,2022-05-26,416.67,Electronics,,,,,,,,
,,,,5062,2022-03-03,316.62,Books,,,,,,,,
,,,,7328,2022-07-24,444.2,Groceries,,,,,,,,
,,,,5305,2022-07-30,346.54,Electronics,,,,,,,,
,,,,1891,2022-12-26,19.76,Clothing,,,,,,,,
,,,,4114,2022-09-26,453.12,Books,,,,,,,,
,,,,1981,2022-05-05,14.78,Clothing,,,,,,,,
,,,,9568,2022-05-04,128.94,Groceries,,,,,,,,
,,,,6263,2022-12-18,422.07,Furniture,,,,,,,,
,,,,8696,2022-01-30,411.05,Electronics,,,,,,,,
,,,,8741,2022-09-05,12.3,Books,,,,,,,,
,,,,3405,2022-06-26,380.16,Books,,,,,,,,
,,,,8555,2022-03-16,443.95,Books,,,,,,,,
,,,,9430,2022-05-08,31.59,Clothing,,,,,,,,
,,,,4290,2022-05-17,199.7,Clothing,,,,,,,,
,,,,9374,2022-05-27,17.88,Electronics,,,,,,,,
,,,,7361,2022-11-23,422.35,Groceries,,,,,,,,
,,,,4472,2022-08-20,483.02,Electronics,,,,,,,,
,,,,5818,2022-05-09,280.21,Books,,,,,,,,
,,,,4771,2022-01-10,6.51,Books,,,,,,,,
,,,,7586,2022-04-03,366.66,Electronics,,,,,,,,
,,,,2747,2022-10-18,108.57,Furniture,,,,,,,,
,,,,4845,2022-06-19,137.45,Books,,,,,,,,
,,,,6848,2022-08-22,30.61,Books,,,,,,,,
,,,,8934,2022-07-27,477.15,Clothing,,,,,,,,
,,,,8152,2022-05-09,323.17,Furniture,,,,,,,,
,,,,9590,2022-05-06,378.3,Books,,,,,,,,
,,,,8317,2022-05-31,454.84,Furniture,,,,,,,,
,,,,2961,2022-08-16,137.04,Furniture,,,,,,,,
,,,,3773,2022-09-29,418.2,Electronics,,,,,,,,
,,,,4968,2022-07-11,177.18,Furniture,,,,,,,,
,,,,2494,2022-04-01,495.45,Groceries,,,,,,,,
,,,,4123,2022-03-31,259.62,Clothing,,,,,,,,
,,,,5278,2022-06-26,277.24,Clothing,,,,,,,,
,,,,1906,2022-07-06,169.28,Groceries,,,,,,,,
,,,,7555,2022-09-24,62.87,Groceries,,,,,,,,
,,,,8773,2022-05-04,336.72,Books,,,,,,,,
,,,,5400,2022-01-19,449.87,Electronics,,,,,,,,
,,,,5919,2022-05-17,286.29,Furniture,,,,,,,,
,,,,2111,2022-05-14,14.05,Clothing,,,,,,,,
,,,,2729,2022-02-28,91.02,Groceries,,,,,,,,
,,,,7862,2022-05-15,64.31,Furniture,,,,,,,,
,,,,5924,2022-06-05,423.82,Clothing,,,,,,,,
,,,,9630,2022-06-23,181.1,Furniture,,,,,,,,
,,,,4995,2022-01-23,474.25,Furniture,,,,,,,,
,,,,7510,2022-03-28,160.26,Furniture,,,,,,,,
,,,,6703,2022-12-08,153.24,Electronics,,,,,,,,
,,,,3521,2022-05-06,211.24,Electronics,,,,,,,,
,,,,3874,2022-02-22,174.86,Furniture,,,,,,,,
,,,,2913,2022-05-12,256.47,Groceries,,,,,,,,
,,,,5565,2022-01-17,474.43,Clothing,,,,,,,,
,,,,1152,2022-06-19,136.22,Books,,,,,,,,
,,,,9819,2022-08-08,247.73,Clothing,,,,,,,,
,,,,7176,2022-11-30,307.89,Clothing,,,,,,,,
,,,,5225,2022-07-10,104.41,Books,,,,,,,,
,,,,1041,2022-10-14,447.0,Electronics,,,,,,,,
,,,,1928,2022-03-11,17.32,Clothing,,,,,,,,
,,,,4463,2022-11-05,324.6,Clothing,,,,,,,,
,,,,4493,2022-05-29,449.3,Groceries,,,,,,,,
,,,,4365,2022-12-30,231.71,Books,,,,,,,,
,,,,4300,2022-08-15,211.47,Books,,,,,,,,
,,,,8468,2022-02-16,365.78,Groceries,,,,,,,,
,,,,1716,2022-06-26,33.87,Furniture,,,,,,,,
,,,,5565,2022-06-18,101.53,Electronics,,,,,,,,
,,,,9790,2022-10-27,410.26,Clothing,,,,,,,,
,,,,4266,2022-05-19,133.62,Furniture,,,,,,,,
,,,,4341,2022-08-26,335.21,Groceries,,,,,,,,
,,,,2458,2022-05-02,118.26,Electronics,,,,,,,,
,,,,1482,2022-08-28,419.63,Clothing,,,,,,,,
,,,,5697,2022-02-27,358.72,Books,,,,,,,,
,,,,2015,2022-02-16,382.23,Groceries,,,,,,,,
,,,,7171,2022-11-27,26.5,Clothing,,,,,,,,
,,,,2761,2022-07-03,336.76,Clothing,,,,,,,,
,,,,6459,2022-01-11,405.82,Electronics,,,,,,,,
,,,,7310,2022-05-17,48.26,Furniture,,,,,,,,
,,,,1938,2022-04-16,131.09,Clothing,,,,,,,,
,,,,8145,2022-05-26,233.14,Electronics,,,,,,,,
,,,,8864,2022-03-19,272.07,Furniture,,,,,,,,
,,,,8179,2022-06-15,349.28,Books,,,,,,,,
,,,,9314,2022-10-01,118.83,Clothing,,,,,,,,
,,,,5019,2022-09-25,8.68,Electronics,,,,,,,,
,,,,4767,2022-10-13,419.98,Electronics,,,,,,,,
,,,,3983,2022-12-16,457.86,Furniture,,,,,,,,
,,,,9116,2022-04-04,67.36,Clothing,,,,,,,,
,,,,5099,2022-11-24,317.82,Groceries,,,,,,,,
,,,,2265,2022-09-03,470.08,Furniture,,,,,,,,
,,,,6473,2022-03-22,342.97,Electronics,,,,,,,,
,,,,6638,2022-09-08,235.29,Clothing,,,,,,,,
,,,,4485,2022-03-18,483.16,Books,,,,,,,,
,,,,7171,2022-02-04,327.02,Electronics,,,,,,,,
,,,,8058,2022-08-07,342.44,Books,,,,,,,,
,,,,5491,2022-05-31,42.84,Clothing,,,,,,,,
,,,,5385,2022-09-03,83.95,Groceries,,,,,,,,
,,,,3013,2022-07-09,312.92,Clothing,,,,,,,,
,,,,8516,2022-09-03,292.4,Books,,,,,,,,
,,,,4423,2022-09-22,250.92,Furniture,,,,,,,,
,,,,3130,2022-12-28,203.67,Electronics,,,,,,,,
,,,,1567,2022-06-27,293.88,Books,,,,,,,,
,,,,9414,2022-01-03,240.13,Books,,,,,,,,
,,,,6232,2022-12-30,85.83,Furniture,,,,,,,,
,,,,5341,2022-09-29,262.13,Clothing,,,,,,,,
,,,,3002,2022-02-11,160.86,Groceries,,,,,,,,
,,,,6228,2022-02-12,427.46,Groceries,,,,,,,,
,,,,2515,2022-10-30,71.14,Books,,,,,,,,
,,,,8111,2022-03-19,143.65,Groceries,,,,,,,,
,,,,2632,2022-12-23,36.67,Furniture,,,,,,,,
,,,,2605,2022-06-05,55.04,Groceries,,,,,,,,
,,,,5417,2022-11-20,290.72,Groceries,,,,,,,,
,,,,1395,2022-12-27,130.9,Clothing,,,,,,,,
,,,,6779,2022-05-12,455.82,Books,,,,,,,,
,,,,1731,2022-12-26,186.21,Groceries,,,,,,,,
,,,,4661,2022-08-07,499.06,Clothing,,,,,,,,
,,,,7281,2022-08-20,393.94,Electronics,,,,,,,,
,,,,8357,2022-05-17,294.37,Electronics,,,,,,,,
,,,,9927,2022-04-18,154.01,Books,,,,,,,,
,,,,4013,2022-08-31,248.4,Electronics,,,,,,,,
,,,,1011,2022-05-02,494.32,Furniture,,,,,,,,
,,,,8415,2022-01-27,91.4,Books,,,,,,,,
,,,,5486,2022-11-02,339.45,Books,,,,,,,,
,,,,5222,2022-10-05,343.27,Electronics,,,,,,,,
,,,,3287,2022-01-12,118.29,Books,,,,,,,,
,,,,1544,2022-04-08,308.27,Furniture,,,,,,,,
,,,,4558,2022-02-23,69.46,Clothing,,,,,,,,
,,,,6186,2022-04-03,420.21,Furniture,,,,,,,,
,,,,4057,2022-08-11,262.21,Clothing,,,,,,,,
,,,,1987,2022-07-20,262.08,Groceries,,,,,,,,
,,,,7810,2022-11-08,77.17,Groceries,,,,,,,,
,,,,7154,2022-08-12,429.79,Furniture,,,,,,,,
,,,,5985,2022-06-20,316.74,Furniture,,,,,,,,
,,,,4989,2022-01-11,28.86,Furniture,,,,,,,,
,,,,6412,2022-11-02,170.94,Groceries,,,,,,,,
,,,,5963,2022-12-02,255.12,Electronics,,,,,,,,
,,,,1895,2022-12-04,86.34,Furniture,,,,,,,,
,,,,2720,2022-02-21,249.32,Electronics,,,,,,,,
,,,,6838,2022-08-06,16.38,Clothing,,,,,,,,
,,,,4537,2022-01-30,416.95,Clothing,,,,,,,,
,,,,5588,2022-01-09,179.86,Electronics,,,,,,,,
,,,,4322,2022-07-12,420.67,Clothing,,,,,,,,
,,,,5107,2022-11-16,99.23,Clothing,,,,,,,,
,,,,7591,2022-03-26,499.13,Furniture,,,,,,,,
,,,,1185,2022-11-05,323.63,Groceries,,,,,,,,
,,,,7770,2022-07-18,480.06,Electronics,,,,,,,,
,,,,5575,2022-02-03,48.21,Furniture,,,,,,,,
,,,,6483,2022-06-21,133.62,Books,,,,,,,,
,,,,8870,2022-04-30,198.76,Electronics,,,,,,,,
,,,,8073,2022-09-14,435.22,Clothing,,,,,,,,
,,,,3152,2022-11-10,10.01,Books,,,,,,,,
,,,,4996,2022-08-02,155.09,Electronics,,,,,,,,
,,,,9431,2022-10-19,260.79,Books,,,,,,,,
,,,,8069,2022-04-04,193.29,Clothing,,,,,,,,
,,,,3457,2022-07-25,212.34,Groceries,,,,,,,,
,,,,8315,2022-11-20,52.25,Clothing,,,,,,,,
,,,,2270,2022-08-15,32.02,Books,,,,,,,,
,,,,3891,2022-03-05,495.85,Books,,,,,,,,
,,,,7132,2022-05-13,360.91,Electronics,,,,,,,,
,,,,4380,2022-07-31,360.79,Furniture,,,,,,,,
,,,,5556,2022-06-09,470.23,Books,,,,,,,,
,,,,2355,2022-07-02,374.18,Books,,,,,,,,
,,,,9561,2022-04-23,344.98,Books,,,,,,,,
,,,,4523,2022-02-03,432.99,Books,,,,,,,,
,,,,8389,2022-07-23,201.52,Electronics,,,,,,,,
,,,,8122,2022-02-05,344.59,Books,,,,,,,,
,,,,7787,2022-02-28,490.59,Electronics,,,,,,,,
,,,,4679,2022-05-22,430.42,Clothing,,,,,,,,
,,,,7877,2022-03-24,55.8,Electronics,,,,,,,,
,,,,4988,2022-07-14,152.47,Groceries,,,,,,,,
,,,,9924,2022-09-01,229.55,Groceries,,,,,,,,
,,,,5780,2022-09-26,442.22,Electronics,,,,,,,,
,,,,2140,2022-03-01,457.4,Electronics,,,,,,,,
,,,,3402,2022-06-08,288.09,Clothing,,,,,,,,
,,,,4497,2022-10-06,77.88,Clothing,,,,,,,,
,,,,4780,2022-01-01,47.23,Clothing,,,,,,,,
,,,,8732,2022-04-29,401.17,Groceries,,,,,,,,
,,,,4399,2022-07-14,57.42,Electronics,,,,,,,,
,,,,7651,2022-07-29,444.73,Furniture,,,,,,,,
,,,,9650,2022-11-02,51.07,Electronics,,,,,,,,
,,,,7205,2022-06-09,260.86,Clothing,,,,,,,,
,,,,5854,2022-03-01,274.55,Groceries,,,,,,,,
,,,,5373,2022-09-07,73.82,Groceries,,,,,,,,
,,,,2082,2022-08-09,50.02,Clothing,,,,,,,,
,,,,6632,2022-08-16,44.59,Electronics,,,,,,,,
,,,,5659,2022-11-16,478.79,Groceries,,,,,,,,
,,,,1567,2022-08-25,52.17,Clothing,,,,,,,,
,,,,7364,2022-02-22,14.45,Groceries,,,,,,,,
,,,,9621,2022-12-20,490.33,Groceries,,,,,,,,
,,,,3756,2022-09-02,217.33,Books,,,,,,,,
,,,,6277,2022-09-13,408.97,Clothing,,,,,,,,
,,,,4508,2022-02-23,130.05,Electronics,,,,,,,,
,,,,2895,2022-05-31,446.45,Groceries,,,,,,,,
,,,,6001,2022-06-06,20.84,Furniture,,,,,,,,
,,,,6302,2022-04-17,415.74,Books,,,,,,,,
,,,,8258,2022-11-01,256.77,Groceries,,,,,,,,
,,,,9349,2022-08-24,83.77,Electronics,,,,,,,,
,,,,5581,2022-04-04,188.27,Furniture,,,,,,,,
,,,,7501,2022-04-07,229.92,Furniture,,,,,,,,
,,,,4451,2022-12-24,148.61,Books,,,,,,,,
,,,,2240,2022-03-16,440.31,Furniture,,,,,,,,
,,,,5031,2022-04-09,251.86,Clothing,,,,,,,,
,,,,3075,2022-07-17,49.9,Furniture,,,,,,,,
,,,,5982,2022-04-01,264.34,Electronics,,,,,,,,
,,,,7755,2022-04-05,300.59,Books,,,,,,,,
,,,,2714,2022-07-23,168.62,Electronics,,,,,,,,
,,,,2055,2022-09-29,393.84,Books,,,,,,,,
,,,,6648,2022-08-08,200.29,Furniture,,,,,,,,
,,,,6363,2022-07-10,244.19,Clothing,,,,,,,,
,,,,6956,2022-01-31,299.42,Groceries,,,,,,,,
,,,,9777,2022-07-16,146.33,Groceries,,,,,,,,
,,,,9594,2022-04-10,179.34,Clothing,,,,,,,,
,,,,1688,2022-11-20,31.54,Clothing,,,,,,,,
,,,,1793,2022-07-05,429.84,Electronics,,,,,,,,
,,,,8844,2022-11-20,201.81,Furniture,,,,,,,,
,,,,9906,2022-09-19,243.89,Groceries,,,,,,,,
,,,,6315,2022-04-18,440.97,Clothing,,,,,,,,
,,,,8479,2022-11-17,447.54,Furniture,,,,,,,,
,,,,6879,2022-08-05,278.71,Books,,,,,,,,
,,,,7376,2022-10-24,20.32,Groceries,,,,,,,,
,,,,9081,2022-10-17,229.11,Books,,,,,,,,
,,,,9297,2022-04-05,177.72,Groceries,,,,,,,,
,,,,3707,2022-05-17,146.84,Furniture,,,,,,,,
,,,,5482,2022-05-16,458.4,Furniture,,,,,,,,
,,,,2912,2022-05-08,418.44,Furniture,,,,,,,,
,,,,3442,2022-11-07,52.61,Electronics,,,,,,,,
,,,,2319,2022-07-27,414.38,Books,,,,,,,,
,,,,5456,2022-10-27,165.88,Groceries,,,,,,,,
,,,,5500,2022-12-19,258.36,Clothing,,,,,,,,
,,,,8116,2022-03-16,442.45,Clothing,,,,,,,,
,,,,6162,2022-08-08,210.73,Groceries,,,,,,,,
,,,,6296,2022-05-13,163.39,Electronics,,,,,,,,
,,,,4406,2022-03-28,341.31,Furniture,,,,,,,,
,,,,4327,2022-10-31,424.29,Electronics,,,,,,,,
,,,,4141,2022-12-02,47.01,Books,,,,,,,,
,,,,4849,2022-05-31,269.73,Electronics,,,,,,,,
,,,,5986,2022-12-08,406.87,Clothing,,,,,,,,
,,,,5181,2022-03-16,219.8,Electronics,,,,,,,,
,,,,5895,2022-02-06,257.64,Groceries,,,,,,,,
,,,,7074,2022-04-10,257.56,Furniture,,,,,,,,
,,,,9948,2022-10-15,224.81,Furniture,,,,,,,,
,,,,2601,2022-06-07,371.46,Books,,,,,,,,
,,,,8560,2022-04-17,104.08,Books,,,,,,,,
,,,,9535,2022-05-22,112.71,Groceries,,,,,,,,
,,,,9373,2022-09-07,423.73,Clothing,,,,,,,,
,,,,9366,2022-03-30,104.52,Electronics,,,,,,,,
,,,,3496,2022-08-20,342.02,Electronics,,,,,,,,
,,,,1139,2022-08-01,97.06,Furniture,,,,,,,,
,,,,8683,2022-08-13,135.77,Groceries,,,,,,,,
,,,,1420,2022-12-14,451.67,Furniture,,,,,,,,
,,,,4546,2022-01-22,438.01,Furniture,,,,,,,,
,,,,1206,2022-07-23,325.9,Books,,,,,,,,
,,,,1082,2022-11-26,123.1,Clothing,,,,,,,,
,,,,6560,2022-10-09,335.67,Books,,,,,,,,
,,,,7054,2022-03-10,28.92,Clothing,,,,,,,,
,,,,5961,2022-10-15,285.66,Books,,,,,,,,
,,,,2462,2022-09-01,303.3,Furniture,,,,,,,,
,,,,1023,2022-03-13,194.12,Furniture,,,,,,,,
,,,,3378,2022-09-20,439.24,Groceries,,,,,,,,
,,,,5575,2022-06-15,54.28,Electronics,,,,,,,,
,,,,9433,2022-10-28,183.5,Furniture,,,,,,,,
,,,,5755,2022-10-16,475.94,Clothing,,,,,,,,
,,,,5911,2022-05-05,464.26,Clothing,,,,,,,,
,,,,2209,2022-07-25,46.2,Electronics,,,,,,,,
,,,,5450,2022-12-29,52.75,Groceries,,,,,,,,
,,,,8772,2022-07-09,64.79,Electronics,,,,,,,,
,,,,2851,2022-02-07,90.9,Clothing,,,,,,,,
,,,,5389,2022-06-28,344.81,Books,,,,,,,,
,,,,3224,2022-02-23,266.02,Electronics,,,,,,,,
,,,,1133,2022-04-03,13.43,Furniture,,,,,,,,
,,,,3677,2022-12-12,438.28,Electronics,,,,,,,,
,,,,6738,2022-10-29,59.75,Furniture,,,,,,,,
,,,,2705,2022-07-15,88.34,Groceries,,,,,,,,
,,,,4155,2022-11-19,222.66,Clothing,,,,,,,,
,,,,8563,2022-03-26,332.58,Furniture,,,,,,,,
,,,,5927,2022-12-02,202.38,Furniture,,,,,,,,
,,,,7689,2022-04-22,275.59,Books,,,,,,,,
,,,,6922,2022-05-22,304.52,Furniture,,,,,,,,
,,,,2827,2022-03-12,335.28,Electronics,,,,,,,,
,,,,4919,2022-11-24,198.55,Groceries,,,,,,,,
,,,,6836,2022-10-27,20.26,Furniture,,,,,,,,
,,,,3947,2022-05-12,110.7,Books,,,,,,,,
,,,,6669,2022-05-27,229.14,Furniture,,,,,,,,
,,,,6955,2022-02-09,212.09,Groceries,,,,,,,,
,,,,1817,2022-12-19,324.56,Furniture,,,,,,,,
,,,,3456,2022-04-02,340.75,Clothing,,,,,,,,
,,,,2769,2022-06-30,220.69,Books,,,,,,,,
,,,,9013,2022-08-25,392.04,Books,,,,,,,,
,,,,4982,2022-07-31,324.29,Clothing,,,,,,,,
,,,,1928,2022-12-11,243.71,Furniture,,,,,,,,
,,,,3632,2022-02-16,466.66,Books,,,,,,,,
,,,,2519,2022-01-26,385.66,Groceries,,,,,,,,
,,,,3683,2022-03-19,68.56,Electronics,,,,,,,,
,,,,5387,2022-02-16,239.68,Groceries,,,,,,,,
,,,,5719,2022-01-17,315.84,Clothing,,,,,,,,
,,,,3978,2022-08-25,79.58,Furniture,,,,,,,,
,,,,1585,2022-10-11,42.85,Furniture,,,,,,,,
,,,,3812,2022-02-01,496.88,Clothing,,,,,,,,
,,,,9871,2022-09-09,41.49,Furniture,,,,,,,,
,,,,9353,2022-03-20,490.44,Electronics,,,,,,,,
,,,,4305,2022-05-07,467.57,Furniture,,,,,,,,
,,,,2233,2022-08-09,159.68,Electronics,,,,,,,,
,,,,7988,2022-03-27,296.26,Books,,,,,,,,
,,,,5740,2022-06-20,250.28,Clothing,,,,,,,,
,,,,1935,2022-03-20,225.5,Furniture,,,,,,,,
,,,,6985,2022-03-02,228.62,Books,,,,,,,,
,,,,8096,2022-05-11,436.7,Groceries,,,,,,,,
,,,,4090,2022-01-03,351.09,Books,,,,,,,,
,,,,5977,2022-09-29,294.7,Books,,,,,,,,
,,,,1818,2022-10-29,389.03,Groceries,,,,,,,,
,,,,2988,2022-12-27,450.47,Groceries,,,,,,,,
,,,,2774,2022-07-23,91.6,Electronics,,,,,,,,
,,,,8243,2022-02-14,134.33,Electronics,,,,,,,,
,,,,8494,2022-10-19,223.45,Books,,,,,,,,
,,,,5635,2022-07-30,171.3,Books,,,,,,,,
,,,,5234,2022-02-27,426.79,Clothing,,,,,,,,
,,,,2286,2022-08-17,91.13,Furniture,,,,,,,,
,,,,8033,2022-09-10,468.44,Clothing,,,,,,,,
,,,,4562,2022-04-01,392.1,Groceries,,,,,,,,
,,,,2196,2022-12-24,196.94,Furniture,,,,,,,,
,,,,7043,2022-08-02,316.62,Books,,,,,,,,
,,,,8018,2022-08-14,424.16,Books,,,,,,,,
,,,,7486,2022-06-07,223.98,Furniture,,,,,,,,
,,,,8166,2022-10-08,170.6,Electronics,,,,,,,,
,,,,8422,2022-11-17,206.95,Clothing,,,,,,,,
,,,,1767,2022-12-22,357.02,Groceries,,,,,,,,
,,,,2922,2022-01-29,7.23,Furniture,,,,,,,,
,,,,2934,2022-03-22,124.38,Clothing,,,,,,,,
,,,,2394,2022-10-07,340.3,Groceries,,,,,,,,
,,,,8897,2022-06-08,470.01,Furniture,,,,,,,,
,,,,8821,2022-04-18,438.06,Groceries,,,,,,,,
,,,,3228,2022-04-04,29.73,Books,,,,,,,,
,,,,8279,2022-12-03,84.25,Furniture,,,,,,,,
,,,,3177,2022-06-19,172.81,Clothing,,,,,,,,
,,,,3424,2022-02-12,292.25,Electronics,,,,,,,,
,,,,5583,2022-10-28,140.03,Clothing,,,,,,,,
,,,,8383,2022-04-06,96.18,Books,,,,,,,,
,,,,5985,2022-03-09,355.8,Furniture,,,,,,,,
,,,,4553,2022-05-17,304.19,Electronics,,,,,,,,
,,,,7090,2022-01-29,417.84,Furniture,,,,,,,,
,,,,5530,2022-01-03,439.65,Electronics,,,,,,,,
,,,,3205,2022-05-01,237.79,Groceries,,,,,,,,
,,,,1921,2022-02-12,438.0,Furniture,,,,,,,,
,,,,7249,2022-12-01,64.38,Clothing,,,,,,,,
,,,,6968,2022-03-09,21.16,Furniture,,,,,,,,
,,,,1749,2022-12-03,438.6,Clothing,,,,,,,,
,,,,7334,2022-01-28,10.7,Clothing,,,,,,,,
,,,,6761,2022-08-17,479.35,Furniture,,,,,,,,
,,,,2230,2022-09-24,122.17,Furniture,,,,,,,,
,,,,7474,2022-03-22,211.22,Electronics,,,,,,,,
,,,,8855,2022-06-07,71.46,Electronics,,,,,,,,
,,,,9908,2022-09-04,87.97,Books,,,,,,,,
,,,,1425,2022-12-21,296.9,Books,,,,,,,,
,,,,2484,2022-04-18,406.43,Groceries,,,,,,,,
,,,,5469,2022-03-28,85.19,Electronics,,,,,,,,
,,,,1856,2022-01-23,307.41,Groceries,,,,,,,,
,,,,5458,2022-11-13,367.95,Books,,,,,,,,
,,,,3495,2022-08-12,400.54,Furniture,,,,,,,,
,,,,2338,2022-07-16,245.64,Clothing,,,,,,,,
,,,,1803,2022-10-04,362.81,Books,,,,,,,,
,,,,1541,2022-10-16,459.05,Groceries,,,,,,,,
,,,,3644,2022-10-14,411.89,Groceries,,,,,,,,
,,,,5059,2022-11-07,438.12,Books,,,,,,,,
,,,,9542,2022-05-05,164.16,Books,,,,,,,,
,,,,8221,2022-09-18,133.96,Books,,,,,,,,
,,,,8659,2022-11-01,320.94,Groceries,,,,,,,,
,,,,9530,2022-09-05,440.76,Clothing,,,,,,,,
,,,,9472,2022-04-29,66.03,Electronics,,,,,,,,
,,,,6844,2022-10-31,19.95,Furniture,,,,,,,,
,,,,8009,2022-05-19,92.42,Furniture,,,,,,,,
,,,,2898,2022-11-22,305.54,Groceries,,,,,,,,
,,,,8722,2022-06-25,350.64,Electronics,,,,,,,,
,,,,3063,2022-07-18,432.33,Furniture,,,,,,,,
,,,,7708,2022-08-17,458.25,Clothing,,,,,,,,
,,,,7605,2022-12-16,418.31,Furniture,,,,,,,,
,,,,1412,2022-05-26,473.21,Furniture,,,,,,,,
,,,,8602,2022-04-18,177.19,Books,,,,,,,,
,,,,5078,2022-01-12,205.48,Furniture,,,,,,,,
,,,,1003,2022-04-12,440.27,Electronics,,,,,,,,
,,,,3072,2022-07-21,494.34,Books,,,,,,,,
,,,,2017,2022-06-23,368.47,Electronics,,,,,,,,
,,,,2245,2022-09-16,447.67,Clothing,,,,,,,,
,,,,4783,2022-02-20,47.53,Furniture,,,,,,,,
,,,,2035,2022-03-13,101.97,Electronics,,,,,,,,
,,,,5123,2022-06-06,496.06,Groceries,,,,,,,,
,,,,8617,2022-03-19,87.89,Clothing,,,,,,,,
,,,,6930,2022-11-09,430.53,Clothing,,,,,,,,
,,,,2464,2022-02-12,83.08,Electronics,,,,,,,,
,,,,4057,2022-09-18,384.32,Electronics,,,,,,,,
,,,,1703,2022-09-06,223.03,Groceries,,,,,,,,
,,,,9688,2022-07-15,189.9,Books,,,,,,,,
,,,,3370,2022-11-08,130.29,Furniture,,,,,,,,
,,,,4915,2022-06-06,367.4,Clothing,,,,,,,,
,,,,5517,2022-04-29,38.43,Electronics,,,,,,,,
,,,,4994,2022-12-24,10.03,Books,,,,,,,,
,,,,1582,2022-01-20,445.04,Groceries,,,,,,,,
,,,,6272,2022-04-17,301.58,Electronics,,,,,,,,
,,,,4196,2022-10-29,40.78,Groceries,,,,,,,,
,,,,5547,2022-07-20,230.01,Books,,,,,,,,
,,,,4765,2022-11-08,428.82,Furniture,,,,,,,,
,,,,7316,2022-09-04,396.26,Clothing,,,,,,,,
,,,,4845,2022-08-11,241.32,Furniture,,,,,,,,
,,,,3761,2022-11-11,193.12,Furniture,,,,,,,,
,,,,3749,2022-03-23,429.98,Clothing,,,,,,,,
,,,,2841,2022-09-24,254.73,Clothing,,,,,,,,
,,,,1174,2022-11-23,350.34,Clothing,,,,,,,,
,,,,9922,2022-01-02,172.97,Groceries,,,,,,,,
,,,,9842,2022-09-16,78.67,Groceries,,,,,,,,
,,,,6342,2022-03-13,132.07,Clothing,,,,,,,,
,,,,7118,2022-01-14,78.73,Furniture,,,,,,,,
,,,,9427,2022-09-25,143.03,Books,,,,,,,,
,,,,9370,2022-01-27,83.16,Clothing,,,,,,,,
,,,,9269,2022-08-31,134.32,Groceries,,,,,,,,
,,,,7324,2022-08-04,85.81,Books,,,,,,,,
,,,,6994,2022-12-22,194.57,Electronics,,,,,,,,
,,,,1037,2022-10-14,132.53,Furniture,,,,,,,,
,,,,4755,2022-05-16,16.41,Furniture,,,,,,,,
,,,,7585,2022-11-07,82.79,Furniture,,,,,,,,
,,,,6833,2022-03-09,276.34,Electronics,,,,,,,,
,,,,6958,2022-11-19,24.4,Clothing,,,,,,,,
,,,,6872,2022-12-19,480.52,Books,,,,,,,,
,,,,8975,2022-03-12,179.18,Electronics,,,,,,,,
,,,,6254,2022-02-02,310.32,Books,,,,,,,,
,,,,5383,2022-08-06,167.45,Electronics,,,,,,,,
,,,,1052,2022-11-03,371.17,Groceries,,,,,,,,
,,,,8205,2022-04-08,492.19,Furniture,,,,,,,,
,,,,4112,2022-11-21,84.17,Groceries,,,,,,,,
,,,,4467,2022-08-30,130.74,Groceries,,,,,,,,
,,,,2115,2022-08-12,339.92,Groceries,,,,,,,,
,,,,4894,2022-10-06,364.77,Books,,,,,,,,
,,,,7197,2022-04-24,383.31,Books,,,,,,,,
,,,,2958,2022-07-15,74.37,Books,,,,,,,,
,,,,2350,2022-09-20,249.21,Electronics,,,,,,,,
,,,,9292,2022-06-13,348.53,Groceries,,,,,,,,
,,,,4902,2022-11-26,185.54,Furniture,,,,,,,,
,,,,3688,2022-10-25,48.97,Furniture,,,,,,,,
,,,,4827,2022-11-25,405.02,Groceries,,,,,,,,
,,,,7116,2022-05-31,200.72,Furniture,,,,,,,,
,,,,2995,2022-09-04,133.39,Clothing,,,,,,,,
,,,,4593,2022-10-19,89.57,Groceries,,,,,,,,
,,,,6578,2022-02-18,344.87,Furniture,,,,,,,,
,,,,7694,2022-03-30,301.84,Clothing,,,,,,,,
,,,,7001,2022-11-15,234.43,Groceries,,,,,,,,
,,,,2397,2022-05-19,428.38,Clothing,,,,,,,,
,,,,3854,2022-04-28,77.95,Books,,,,,,,,
,,,,6066,2022-04-13,196.97,Clothing,,,,,,,,
,,,,1862,2022-09-19,478.9,Electronics,,,,,,,,
,,,,4495,2022-05-24,404.58,Electronics,,,,,,,,
,,,,7115,2022-06-14,465.2,Books,,,,,,,,
,,,,2330,2022-11-21,68.99,Clothing,,,,,,,,
,,,,9068,2022-08-12,422.92,Clothing,,,,,,,,
,,,,7407,2022-01-30,164.8,Electronics,,,,,,,,
,,,,8057,2022-01-05,318.34,Electronics,,,,,,,,
,,,,1712,2022-07-31,48.85,Electronics,,,,,,,,
,,,,7708,2022-09-11,388.31,Books,,,,,,,,
,,,,7726,2022-09-30,219.76,Electronics,,,,,,,,
,,,,3883,2022-12-03,30.78,Clothing,,,,,,,,
,,,,6131,2022-04-23,285.77,Books,,,,,,,,
,,,,6767,2022-02-25,303.98,Books,,,,,,,,
,,,,3113,2022-02-27,369.51,Books,,,,,,,,
,,,,4457,2022-04-15,353.88,Clothing,,,,,,,,
,,,,9580,2022-06-28,263.14,Books,,,,,,,,
,,,,2539,2022-11-14,253.91,Furniture,,,,,,,,
,,,,6579,2022-10-22,286.53,Furniture,,,,,,,,
,,,,9274,2022-11-27,147.61,Furniture,,,,,,,,
,,,,3095,2022-04-10,167.42,Furniture,,,,,,,,
,,,,5063,2022-07-19,439.65,Furniture,,,,,,,,
,,,,9643,2022-02-28,362.3,Clothing,,,,,,,,
,,,,3014,2022-08-20,491.76,Electronics,,,,,,,,
,,,,4265,2022-07-08,345.65,Furniture,,,,,,,,
,,,,9491,2022-08-28,473.41,Electronics,,,,,,,,
,,,,7556,2022-06-02,181.71,Books,,,,,,,,
,,,,8859,2022-01-28,440.58,Clothing,,,,,,,,
,,,,4697,2022-12-29,221.02,Electronics,,,,,,,,
,,,,5828,2022-07-20,277.38,Furniture,,,,,,,,
,,,,3096,2022-09-10,473.47,Books,,,,,,,,
,,,,7599,2022-05-30,239.97,Furniture,,,,,,,,
,,,,3472,2022-07-20,411.91,Groceries,,,,,,,,
,,,,6907,2022-01-21,213.21,Groceries,,,,,,,,
,,,,9537,2022-02-19,224.04,Clothing,,,,,,,,
,,,,7624,2022-05-06,95.75,Books,,,,,,,,
,,,,1859,2022-09-07,309.05,Clothing,,,,,,,,
,,,,5001,2022-03-13,70.36,Furniture,,,,,,,,
,,,,2819,2022-01-02,373.94,Books,,,,,,,,
,,,,1769,2022-01-28,209.25,Clothing,,,,,,,,
,,,,6576,2022-04-30,440.22,Books,,,,,,,,
,,,,5162,2022-05-11,127.29,Clothing,,,,,,,,
,,,,1780,2022-07-08,57.74,Books,,,,,,,,
,,,,1158,2022-02-13,207.32,Clothing,,,,,,,,
,,,,4812,2022-10-07,85.47,Electronics,,,,,,,,
,,,,3056,2022-08-03,51.98,Books,,,,,,,,
,,,,7869,2022-07-05,103.23,Furniture,,,,,,,,
,,,,7334,2022-09-06,126.55,Books,,,,,,,,
,,,,4764,2022-12-09,353.75,Groceries,,,,,,,,
,,,,1715,2022-08-24,338.66,Groceries,,,,,,,,
,,,,5255,2022-01-07,17.64,Clothing,,,,,,,,
,,,,3525,2022-01-20,157.65,Groceries,,,,,,,,
,,,,4086,2022-01-12,352.12,Electronics,,,,,,,,
,,,,8409,2022-12-28,445.72,Books,,,,,,,,
,,,,2204,2022-12-20,143.96,Electronics,,,,,,,,
,,,,3555,2022-04-03,195.78,Clothing,,,,,,,,
,,,,1705,2022-10-02,257.09,Groceries,,,,,,,,
,,,,9995,2022-01-25,148.71,Groceries,,,,,,,,
,,,,4657,2022-01-21,426.34,Electronics,,,,,,,,
,,,,2652,2022-01-20,165.9,Clothing,,,,,,,,
,,,,3419,2022-08-26,402.88,Books,,,,,,,,
,,,,8870,2022-12-10,147.36,Books,,,,,,,,
,,,,2303,2022-05-29,373.58,Electronics,,,,,,,,
,,,,3856,2022-09-14,359.85,Furniture,,,,,,,,
,,,,5021,2022-06-13,210.25,Furniture,,,,,,,,
,,,,4352,2022-02-06,355.3,Books,,,,,,,,
,,,,8489,2022-08-15,26.64,Groceries,,,,,,,,
,,,,3573,2022-07-12,119.55,Books,,,,,,,,
,,,,6416,2022-07-06,384.59,Clothing,,,,,,,,
,,,,7410,2022-12-21,181.74,Books,,,,,,,,
,,,,9606,2022-04-16,104.64,Clothing,,,,,,,,
,,,,4924,2022-04-07,264.66,Books,,,,,,,,
,,,,9251,2022-10-26,94.01,Books,,,,,,,,
,,,,2048,2022-09-29,41.24,Furniture,,,,,,,,
,,,,3322,2022-07-28,379.11,Groceries,,,,,,,,
,,,,7769,2022-12-22,379.16,Groceries,,,,,,,,
,,,,8037,2022-06-16,381.24,Groceries,,,,,,,,
,,,,8493,2022-10-06,264.8,Books,,,,,,,,
,,,,7977,2022-06-01,24.61,Electronics,,,,,,,,
,,,,7173,2022-06-01,317.34,Electronics,,,,,,,,
,,,,5299,2022-07-10,352.76,Books,,,,,,,,
,,,,8955,2022-10-13,376.14,Furniture,,,,,,,,
,,,,9497,2022-12-01,361.36,Books,,,,,,,,
,,,,8632,2022-07-10,260.8,Electronics,,,,,,,,
,,,,2192,2022-03-08,303.65,Clothing,,,,,,,,
,,,,5377,2022-06-26,196.6,Furniture,,,,,,,,
,,,,5398,2022-08-28,240.98,Books,,,,,,,,
,,,,5464,2022-04-27,423.56,Books,,,,,,,,
,,,,4650,2022-11-29,431.48,Clothing,,,,,,,,
,,,,4655,2022-05-08,433.34,Groceries,,,,,,,,
,,,,7349,2022-09-02,291.44,Books,,,,,,,,
,,,,8459,2022-08-23,459.74,Furniture,,,,,,,,
,,,,7654,2022-05-24,298.78,Books,,,,,,,,
,,,,2305,2022-04-19,70.02,Clothing,,,,,,,,
,,,,1104,2022-06-19,161.18,Groceries,,,,,,,,
,,,,2383,2022-11-28,438.46,Clothing,,,,,,,,
,,,,5460,2022-04-26,438.49,Furniture,,,,,,,,
,,,,2093,2022-11-18,446.46,Books,,,,,,,,
,,,,8888,2022-11-09,494.3,Electronics,,,,,,,,
,,,,6983,2022-03-15,76.7,Electronics,,,,,,,,
,,,,3113,2022-06-21,371.93,Groceries,,,,,,,,
,,,,3142,2022-07-18,184.93,Electronics,,,,,,,,
,,,,4897,2022-07-01,483.2,Books,,,,,,,,
,,,,1993,2022-12-25,280.76,Clothing,,,,,,,,
,,,,5257,2022-07-14,227.3,Books,,,,,,,,
,,,,9027,2022-07-27,274.42,Furniture,,,,,,,,
,,,,8131,2022-04-19,100.29,Clothing,,,,,,,,
,,,,5338,2022-10-14,293.7,Electronics,,,,,,,,
,,,,1849,2022-12-29,426.21,Clothing,,,,,,,,
,,,,6934,2022-07-16,83.91,Books,,,,,,,,
,,,,4359,2022-04-03,348.25,Clothing,,,,,,,,
,,,,9598,2022-07-05,444.42,Groceries,,,,,,,,
,,,,9570,2022-07-30,274.97,Groceries,,,,,,,,
,,,,5428,2022-10-27,281.8,Electronics,,,,,,,,
,,,,3097,2022-01-12,272.98,Groceries,,,,,,,,
,,,,3467,2022-01-13,314.72,Furniture,,,,,,,,
,,,,9139,2022-12-14,382.14,Groceries,,,,,,,,
,,,,6999,2022-11-29,483.12,Books,,,,,,,,
,,,,3945,2022-07-04,30.81,Electronics,,,,,,,,
,,,,7028,2022-11-17,451.1,Groceries,,,,,,,,
,,,,5781,2022-01-01,283.11,Clothing,,,,,,,,
,,,,4717,2022-03-08,369.73,Books,,,,,,,,
,,,,4824,2022-10-06,154.47,Furniture,,,,,,,,
,,,,9146,2022-11-22,433.75,Clothing,,,,,,,,
,,,,7608,2022-05-10,251.49,Electronics,,,,,,,,
,,,,1333,2022-08-06,183.9,Books,,,,,,,,
,,,,5084,2022-09-12,356.29,Furniture,,,,,,,,
,,,,5113,2022-02-11,422.59,Furniture,,,,,,,,
,,,,6597,2022-10-17,156.5,Clothing,,,,,,,,
,,,,4114,2022-03-28,490.24,Books,,,,,,,,
,,,,8516,2022-03-08,290.65,Books,,,,,,,,
,,,,1876,2022-05-29,7.26,Furniture,,,,,,,,
,,,,1954,2022-12-10,196.08,Groceries,,,,,,,,
,,,,9776,2022-07-16,349.93,Furniture,,,,,,,,
,,,,3441,2022-01-25,197.96,Clothing,,,,,,,,
,,,,6658,2022-02-05,286.43,Clothing,,,,,,,,
,,,,5086,2022-06-09,120.95,Clothing,,,,,,,,
,,,,9517,2022-12-25,35.65,Books,,,,,,,,
,,,,7127,2022-05-06,378.48,Clothing,,,,,,,,
,,,,6341,2022-07-03,213.99,Groceries,,,,,,,,
,,,,2968,2022-03-14,269.33,Groceries,,,,,,,,
,,,,1530,2022-08-10,161.9,Books,,,,,,,,
,,,,2162,2022-08-06,277.2,Books,,,,,,,,
,,,,7383,2022-10-18,46.83,Electronics,,,,,,,,
,,,,2940,2022-04-24,367.5,Furniture,,,,,,,,
,,,,3012,2022-02-12,60.77,Groceries,,,,,,,,
,,,,6452,2022-02-02,351.1,Clothing,,,,,,,,
,,,,7511,2022-11-20,412.33,Furniture,,,,,,,,
,,,,8233,2022-03-20,27.71,Books,,,,,,,,
,,,,5133,2022-01-25,281.41,Books,,,,,,,,
,,,,9681,2022-11-14,75.0,Books,,,,,,,,
,,,,7923,2022-12-20,377.69,Books,,,,,,,,
,,,,3662,2022-05-24,328.32,Clothing,,,,,,,,
,,,,9842,2022-08-27,339.72,Electronics,,,,,,,,
,,,,6223,2022-08-01,236.75,Electronics,,,,,,,,
,,,,9167,2022-08-24,172.34,Groceries,,,,,,,,
,,,,8173,2022-06-16,135.45,Furniture,,,,,,,,
,,,,7687,2022-12-06,84.91,Electronics,,,,,,,,
,,,,9296,2022-09-11,453.42,Electronics,,,,,,,,
,,,,2004,2022-04-18,436.64,Groceries,,,,,,,,
,,,,8050,2022-04-26,499.51,Furniture,,,,,,,,
,,,,3087,2022-12-04,438.02,Furniture,,,,,,,,
,,,,5674,2022-05-13,457.88,Groceries,,,,,,,,
,,,,9509,2022-01-21,401.7,Groceries,,,,,,,,
,,,,3514,2022-02-14,487.01,Furniture,,,,,,,,
,,,,1524,2022-11-17,152.13,Books,,,,,,,,
,,,,8118,2022-10-31,166.5,Electronics,,,,,,,,
,,,,3565,2022-02-12,481.23,Books,,,,,,,,
,,,,9355,2022-01-08,481.22,Furniture,,,,,,,,
,,,,9290,2022-12-02,13.95,Furniture,,,,,,,,
,,,,4930,2022-11-24,126.14,Groceries,,,,,,,,
,,,,7194,2022-08-03,341.62,Groceries,,,,,,,,
,,,,4214,2022-04-25,256.55,Furniture,,,,,,,,
,,,,4003,2022-01-10,472.36,Groceries,,,,,,,,
,,,,1632,2022-10-14,180.83,Electronics,,,,,,,,
,,,,9592,2022-08-30,466.53,Groceries,,,,,,,,
,,,,9869,2022-05-15,403.85,Groceries,,,,,,,,
,,,,5477,2022-08-10,222.58,Clothing,,,,,,,,
,,,,3780,2022-08-22,182.8,Electronics,,,,,,,,
,,,,6788,2022-12-07,212.7,Furniture,,,,,,,,
,,,,5881,2022-07-11,423.99,Furniture,,,,,,,,
,,,,3135,2022-07-30,86.54,Electronics,,,,,,,,
,,,,9572,2022-05-14,422.24,Books,,,,,,,,
,,,,2348,2022-09-16,366.96,Books,,,,,,,,
,,,,4313,2022-06-25,496.44,Clothing,,,,,,,,
,,,,9070,2022-02-21,366.48,Groceries,,,,,,,,
,,,,1444,2022-04-07,388.18,Groceries,,,,,,,,
,,,,8114,2022-04-02,449.01,Groceries,,,,,,,,
,,,,5032,2022-08-22,41.32,Clothing,,,,,,,,
,,,,9971,2022-03-28,249.65,Furniture,,,,,,,,
,,,,3643,2022-05-23,227.64,Books,,,,,,,,
,,,,7686,2022-09-13,262.86,Books,,,,,,,,
,,,,7502,2022-10-27,471.98,Furniture,,,,,,,,
,,,,2999,2022-12-29,460.59,Electronics,,,,,,,,
,,,,5028,2022-12-14,77.47,Clothing,,,,,,,,
,,,,4051,2022-11-04,15.56,Groceries,,,,,,,,
,,,,5872,2022-07-06,496.06,Groceries,,,,,,,,
,,,,2956,2022-02-19,305.3,Clothing,,,,,,,,
,,,,2051,2022-02-07,92.55,Clothing,,,,,,,,
,,,,4200,2022-10-10,421.93,Groceries,,,,,,,,
,,,,2562,2022-12-06,116.83,Furniture,,,,,,,,
,,,,5165,2022-12-31,107.03,Groceries,,,,,,,,
,,,,6396,2022-06-23,276.62,Groceries,,,,,,,,
,,,,5957,2022-03-06,313.02,Groceries,,,,,,,,
,,,,3897,2022-07-15,273.28,Electronics,,,,,,,,
,,,,7597,2022-07-16,263.66,Furniture,,,,,,,,
,,,,8823,2022-11-11,408.72,Furniture,,,,,,,,
,,,,5414,2022-12-01,343.32,Clothing,,,,,,,,
,,,,8912,2022-04-25,334.92,Groceries,,,,,,,,
,,,,3997,2022-08-21,93.23,Books,,,,,,,,
,,,,4398,2022-07-25,69.39,Clothing,,,,,,,,
,,,,4428,2022-03-01,176.51,Clothing,,,,,,,,
,,,,6915,2022-10-02,190.29,Books,,,,,,,,
,,,,4628,2022-11-02,369.25,Furniture,,,,,,,,
,,,,2138,2022-10-11,321.36,Electronics,,,,,,,,
,,,,8257,2022-07-13,48.33,Electronics,,,,,,,,
,,,,9750,2022-02-27,225.33,Electronics,,,,,,,,
,,,,3587,2022-01-08,56.57,Furniture,,,,,,,,
,,,,9786,2022-03-19,211.06,Groceries,,,,,,,,
,,,,8127,2022-06-29,393.11,Books,,,,,,,,
,,,,6414,2022-06-13,75.14,Furniture,,,,,,,,
,,,,3989,2022-08-31,76.62,Books,,,,,,,,
,,,,8269,2022-08-16,98.8,Electronics,,,,,,,,
,,,,3895,2022-10-06,390.49,Furniture,,,,,,,,
,,,,2677,2022-03-24,200.21,Electronics,,,,,,,,
,,,,5829,2022-08-09,395.48,Groceries,,,,,,,,
,,,,9367,2022-07-28,337.37,Groceries,,,,,,,,
,,,,3136,2022-04-06,166.77,Furniture,,,,,,,,
,,,,8985,2022-06-18,390.44,Groceries,,,,,,,,
,,,,1578,2022-04-04,393.67,Books,,,,,,,,
,,,,7916,2022-06-06,125.52,Furniture,,,,,,,,
,,,,5373,2022-10-17,487.42,Books,,,,,,,,
,,,,6750,2022-08-03,102.66,Electronics,,,,,,,,
,,,,3569,2022-07-19,352.54,Furniture,,,,,,,,
,,,,6272,2022-07-21,49.87,Furniture,,,,,,,,
,,,,9215,2022-12-11,106.48,Groceries,,,,,,,,
,,,,9608,2022-10-26,126.27,Groceries,,,,,,,,
,,,,1085,2022-07-04,322.33,Clothing,,,,,,,,
,,,,6644,2022-05-26,85.33,Furniture,,,,,,,,
,,,,4459,2022-06-08,359.89,Clothing,,,,,,,,
,,,,8649,2022-07-29,290.97,Books,,,,,,,,
,,,,8216,2022-01-22,451.75,Groceries,,,,,,,,
,,,,3493,2022-10-14,105.43,Books,,,,,,,,
,,,,7786,2022-01-09,469.78,Clothing,,,,,,,,
,,,,8575,2022-05-09,18.86,Books,,,,,,,,
,,,,7832,2022-06-26,179.68,Books,,,,,,,,
,,,,3789,2022-08-23,93.88,Electronics,,,,,,,,
,,,,8786,2022-09-08,183.97,Furniture,,,,,,,,
,,,,5492,2022-06-18,38.95,Clothing,,,,,,,,
,,,,6011,2022-07-14,467.16,Clothing,,,,,,,,
,,,,3153,2022-07-08,243.9,Clothing,,,,,,,,
,,,,9001,2022-01-19,226.48,Electronics,,,,,,,,
,,,,2857,2022-08-18,398.84,Electronics,,,,,,,,
,,,,9991,2022-04-09,179.95,Furniture,,,,,,,,
,,,,7647,2022-07-08,122.19,Groceries,,,,,,,,
,,,,6265,2022-06-17,224.72,Groceries,,,,,,,,
,,,,3060,2022-04-04,281.0,Electronics,,,,,,,,
,,,,9517,2022-03-29,38.82,Furniture,,,,,,,,
,,,,7680,2022-02-27,222.87,Books,,,,,,,,
,,,,4464,2022-09-17,407.33,Groceries,,,,,,,,
,,,,5902,2022-01-09,355.8,Books,,,,,,,,
,,,,9533,2022-10-23,432.45,Clothing,,,,,,,,
,,,,3147,2022-06-11,252.09,Furniture,,,,,,,,
,,,,5699,2022-05-08,373.82,Electronics,,,,,,,,
,,,,6825,2022-01-11,440.22,Electronics,,,,,,,,
,,,,5749,2022-05-19,248.9,Electronics,,,,,,,,
,,,,9535,2022-03-18,184.02,Electronics,,,,,,,,
,,,,5873,2022-05-21,420.57,Groceries,,,,,,,,
,,,,8516,2022-11-15,231.03,Furniture,,,,,,,,
,,,,8027,2022-07-19,225.15,Groceries,,,,,,,,
,,,,5293,2022-11-18,167.31,Electronics,,,,,,,,
,,,,4680,2022-10-11,125.31,Electronics,,,,,,,,
,,,,3605,2022-06-24,49.07,Books,,,,,,,,
,,,,3996,2022-12-14,199.57,Books,,,,,,,,
,,,,8211,2022-04-11,5.65,Clothing,,,,,,,,
,,,,7276,2022-01-27,327.34,Clothing,,,,,,,,
,,,,5016,2022-06-30,280.27,Electronics,,,,,,,,
,,,,6050,2022-07-11,273.55,Electronics,,,,,,,,
,,,,4676,2022-01-03,465.75,Electronics,,,,,,,,
,,,,4930,2022-10-11,27.84,Clothing,,,,,,,,
,,,,6502,2022-09-13,55.14,Clothing,,,,,,,,
,,,,1035,2022-01-25,376.33,Clothing,,,,,,,,
,,,,1995,2022-09-30,420.33,Groceries,,,,,,,,
,,,,8858,2022-03-28,411.31,Books,,,,,,,,
,,,,3467,2022-11-18,57.56,Books,,,,,,,,
,,,,5574,2022-06-30,369.13,Clothing,,,,,,,,
,,,,2093,2022-12-02,437.52,Clothing,,,,,,,,
,,,,3796,2022-12-29,201.78,Clothing,,,,,,,,
,,,,6891,2022-05-11,80.94,Furniture,,,,,,,,
,,,,3114,2022-05-15,17.79,Books,,,,,,,,
,,,,5770,2022-08-29,250.65,Furniture,,,,,,,,
,,,,5713,2022-08-12,117.95,Groceries,,,,,,,,
,,,,8941,2022-01-28,63.38,Furniture,,,,,,,,
,,,,5634,2022-10-12,463.01,Groceries,,,,,,,,
,,,,8129,2022-12-01,169.67,Books,,,,,,,,
,,,,2443,2022-05-24,55.54,Clothing,,,,,,,,
,,,,4910,2022-06-22,164.66,Groceries,,,,,,,,
,,,,1605,2022-06-09,215.12,Electronics,,,,,,,,
,,,,9206,2022-11-27,389.34,Electronics,,,,,,,,
,,,,1346,2022-11-15,78.04,Groceries,,,,,,,,
,,,,4940,2022-08-22,453.92,Furniture,,,,,,,,
,,,,3925,2022-10-17,422.08,Clothing,,,,,,,,
,,,,6498,2022-08-05,372.27,Clothing,,,,,,,,
,,,,6033,2022-11-09,299.66,Electronics,,,,,,,,
,,,,2843,2022-01-20,243.88,Furniture,,,,,,,,
,,,,9372,2022-05-22,382.95,Electronics,,,,,,,,
,,,,5881,2022-03-20,419.28,Books,,,,,,,,
,,,,5503,2022-12-23,139.97,Furniture,,,,,,,,
,,,,5110,2022-01-02,455.09,Books,,,,,,,,
,,,,7416,2022-11-28,420.57,Electronics,,,,,,,,
,,,,2820,2022-10-30,339.06,Clothing,,,,,,,,
,,,,1167,2022-04-21,229.29,Groceries,,,,,,,,
,,,,4031,2022-12-26,251.5,Electronics,,,,,,,,
,,,,2521,2022-06-25,280.29,Electronics,,,,,,,,
,,,,1072,2022-05-13,424.57,Furniture,,,,,,,,
,,,,5555,2022-09-18,225.49,Clothing,,,,,,,,
,,,,1706,2022-01-10,308.88,Electronics,,,,,,,,
,,,,5190,2022-02-05,396.71,Groceries,,,,,,,,
,,,,1925,2022-02-06,351.24,Electronics,,,,,,,,
,,,,7025,2022-07-26,346.33,Electronics,,,,,,,,
,,,,6257,2022-07-01,20.27,Furniture,,,,,,,,
,,,,6413,2022-12-30,443.38,Books,,,,,,,,
,,,,5411,2022-03-02,260.8,Furniture,,,,,,,,
,,,,1466,2022-09-19,191.59,Electronics,,,,,,,,
,,,,8621,2022-02-03,430.04,Furniture,,,,,,,,
,,,,7829,2022-06-16,480.46,Groceries,,,,,,,,
,,,,1212,2022-09-12,30.35,Furniture,,,,,,,,
,,,,1294,2022-03-23,393.05,Groceries,,,,,,,,
,,,,9200,2022-07-15,393.55,Groceries,,,,,,,,
,,,,4914,2022-01-06,27.78,Furniture,,,,,,,,
,,,,7713,2022-01-04,163.2,Electronics,,,,,,,,
,,,,7486,2022-01-02,351.93,Furniture,,,,,,,,
,,,,9050,2022-06-07,283.09,Electronics,,,,,,,,
,,,,5974,2022-04-23,377.81,Furniture,,,,,,,,
,,,,2046,2022-08-22,299.6,Electronics,,,,,,,,
,,,,7385,2022-09-21,42.44,Electronics,,,,,,,,
,,,,5312,2022-04-29,343.82,Furniture,,,,,,,,
,,,,1201,2022-07-06,78.96,Furniture,,,,,,,,
,,,,9436,2022-03-09,435.9,Groceries,,,,,,,,
,,,,2969,2022-10-17,357.78,Furniture,,,,,,,,
,,,,1702,2022-04-17,15.18,Clothing,,,,,,,,
,,,,6771,2022-05-09,358.68,Clothing,,,,,,,,
,,,,1682,2022-09-28,453.89,Clothing,,,,,,,,
,,,,8816,2022-01-03,26.51,Groceries,,,,,,,,
,,,,1020,2022-04-20,446.73,Groceries,,,,,,,,
,,,,8329,2022-12-26,78.73,Books,,,,,,,,
,,,,9932,2022-06-28,338.42,Clothing,,,,,,,,
,,,,9773,2022-11-11,366.54,Groceries,,,,,,,,
,,,,7603,2022-12-25,464.5,Furniture,,,,,,,,
,,,,4938,2022-11-29,181.73,Clothing,,,,,,,,
,,,,2803,2022-08-02,29.45,Furniture,,,,,,,,
,,,,3700,2022-02-12,358.27,Electronics,,,,,,,,
,,,,4621,2022-05-21,173.25,Electronics,,,,,,,,
,,,,2552,2022-01-16,403.23,Groceries,,,,,,,,
,,,,1310,2022-04-17,217.34,Books,,,,,,,,
,,,,2223,2022-07-09,329.31,Clothing,,,,,,,,
,,,,2908,2022-09-24,54.81,Groceries,,,,,,,,
,,,,1611,2022-02-02,93.4,Clothing,,,,,,,,
,,,,2198,2022-02-24,449.2,Groceries,,,,,,,,
,,,,1068,2022-09-12,268.61,Electronics,,,,,,,,
,,,,7995,2022-05-25,84.17,Furniture,,,,,,,,
,,,,4152,2022-07-27,390.43,Books,,,,,,,,
,,,,5408,2022-11-17,120.87,Electronics,,,,,,,,
,,,,7287,2022-09-05,269.53,Groceries,,,,,,,,
,,,,9751,2022-09-19,179.78,Books,,,,,,,,
,,,,8061,2022-08-17,346.58,Groceries,,,,,,,,
,,,,8023,2022-05-02,356.21,Books,,,,,,,,
,,,,5577,2022-06-19,375.45,Books,,,,,,,,
,,,,8835,2022-11-13,184.28,Clothing,,,,,,,,
,,,,1282,2022-05-30,281.08,Electronics,,,,,,,,
,,,,7273,2022-11-08,329.23,Clothing,,,,,,,,
,,,,5681,2022-07-20,421.18,Furniture,,,,,,,,
,,,,4331,2022-03-19,58.12,Groceries,,,,,,,,
,,,,9762,2022-06-30,35.11,Furniture,,,,,,,,
,,,,4408,2022-07-22,27.48,Books,,,,,,,,
,,,,7198,2022-08-28,106.09,Books,,,,,,,,
,,,,5831,2022-10-22,260.22,Furniture,,,,,,,,
,,,,1758,2022-06-10,277.26,Electronics,,,,,,,,
,,,,7523,2022-05-29,83.22,Furniture,,,,,,,,
,,,,7367,2022-04-27,219.48,Groceries,,,,,,,,
,,,,3208,2022-08-30,91.85,Groceries,,,,,,,,
,,,,1691,2022-02-27,248.41,Electronics,,,,,,,,
,,,,3453,2022-09-25,348.8,Clothing,,,,,,,,
,,,,6398,2022-04-13,130.16,Groceries,,,,,,,,
,,,,9269,2022-12-12,441.51,Electronics,,,,,,,,
,,,,9688,2022-09-02,307.52,Groceries,,,,,,,,
,,,,5240,2022-10-24,300.03,Clothing,,,,,,,,
,,,,3517,2022-10-10,122.1,Electronics,,,,,,,,
,,,,4909,2022-08-09,15.8,Groceries,,,,,,,,
,,,,8172,2022-12-24,308.5,Electronics,,,,,,,,
,,,,7850,2022-04-16,214.35,Books,,,,,,,,
,,,,9840,2022-10-09,186.08,Books,,,,,,,,
,,,,2667,2022-01-21,479.05,Books,,,,,,,,
,,,,5498,2022-07-19,271.99,Groceries,,,,,,,,
,,,,4923,2022-01-31,460.8,Books,,,,,,,,
,,,,9388,2022-10-18,316.1,Groceries,,,,,,,,
,,,,3537,2022-01-24,314.56,Electronics,,,,,,,,
,,,,3235,2022-12-19,148.4,Electronics,,,,,,,,
,,,,4610,2022-07-18,249.65,Books,,,,,,,,
,,,,8071,2022-06-06,215.87,Electronics,,,,,,,,
,,,,3773,2022-03-19,362.94,Groceries,,,,,,,,
,,,,3656,2022-07-16,399.72,Clothing,,,,,,,,
,,,,6523,2022-11-19,283.81,Groceries,,,,,,,,
,,,,2562,2022-08-11,168.34,Clothing,,,,,,,,
,,,,5774,2022-12-29,326.44,Electronics,,,,,,,,
,,,,3905,2022-11-07,304.45,Books,,,,,,,,
,,,,1930,2022-10-07,260.38,Electronics,,,,,,,,
,,,,1075,2022-08-26,142.01,Clothing,,,,,,,,
,,,,5921,2022-07-25,110.77,Furniture,,,,,,,,
,,,,8310,2022-05-16,183.38,Furniture,,,,,,,,
,,,,5370,2022-08-22,232.0,Electronics,,,,,,,,
,,,,6428,2022-09-20,319.25,Clothing,,,,,,,,
,,,,9678,2022-06-22,317.83,Clothing,,,,,,,,
,,,,9917,2022-03-25,451.76,Clothing,,,,,,,,
,,,,5927,2022-10-23,337.62,Electronics,,,,,,,,
,,,,6630,2022-02-27,264.56,Clothing,,,,,,,,
,,,,5844,2022-07-29,22.69,Groceries,,,,,,,,
,,,,3065,2022-02-20,18.93,Groceries,,,,,,,,
,,,,2036,2022-05-10,416.82,Electronics,,,,,,,,
,,,,8552,2022-08-04,272.55,Clothing,,,,,,,,
,,,,6880,2022-12-14,280.87,Electronics,,,,,,,,
,,,,6350,2022-12-14,106.31,Furniture,,,,,,,,
,,,,7730,2022-01-30,390.91,Groceries,,,,,,,,
,,,,4924,2022-04-07,201.9,Clothing,,,,,,,,
,,,,7132,2022-05-03,276.57,Furniture,,,,,,,,
,,,,6398,2022-11-26,259.06,Groceries,,,,,,,,
,,,,5625,2022-05-31,76.55,Furniture,,,,,,,,
,,,,5186,2022-12-10,440.61,Books,,,,,,,,
,,,,6813,2022-06-22,313.17,Clothing,,,,,,,,
,,,,2372,2022-08-10,485.38,Groceries,,,,,,,,
,,,,3787,2022-04-08,17.32,Furniture,,,,,,,,
,,,,6902,2022-05-27,187.84,Groceries,,,,,,,,
,,,,4923,2022-06-22,276.52,Groceries,,,,,,,,
,,,,8409,2022-07-01,249.05,Clothing,,,,,,,,
,,,,6764,2022-09-07,336.87,Furniture,,,,,,,,
,,,,1333,2022-03-20,154.41,Groceries,,,,,,,,
,,,,3746,2022-07-15,156.73,Furniture,,,,,,,,
,,,,3918,2022-08-25,104.3,Books,,,,,,,,
,,,,7470,2022-06-09,275.59,Electronics,,,,,,,,
,,,,3111,2022-01-26,199.86,Groceries,,,,,,,,
,,,,2027,2022-03-25,197.54,Furniture,,,,,,,,
,,,,9299,2022-09-29,376.48,Furniture,,,,,,,,
,,,,9629,2022-05-17,74.88,Clothing,,,,,,,,
,,,,3055,2022-02-18,126.23,Electronics,,,,,,,,
,,,,3221,2022-12-08,324.94,Furniture,,,,,,,,
,,,,3209,2022-05-21,468.77,Books,,,,,,,,
,,,,2919,2022-09-16,344.42,Groceries,,,,,,,,
,,,,6562,2022-09-29,430.86,Electronics,,,,,,,,
,,,,8410,2022-08-30,140.98,Groceries,,,,,,,,
,,,,3248,2022-11-19,142.62,Furniture,,,,,,,,
,,,,9138,2022-01-19,100.44,Clothing,,,,,,,,
,,,,3996,2022-05-14,265.52,Groceries,,,,,,,,
,,,,5469,2022-02-09,190.56,Electronics,,,,,,,,
,,,,5975,2022-12-07,127.23,Groceries,,,,,,,,
,,,,9481,2022-05-17,58.19,Clothing,,,,,,,,
,,,,8647,2022-04-10,244.19,Groceries,,,,,,,,
,,,,1417,2022-12-17,266.68,Groceries,,,,,,,,
,,,,4655,2022-11-21,365.99,Electronics,,,,,,,,
,,,,6184,2022-10-22,61.68,Groceries,,,,,,,,
,,,,7728,2022-02-18,114.41,Groceries,,,,,,,,
,,,,7508,2022-01-02,90.39,Groceries,,,,,,,,
,,,,8233,2022-12-06,297.06,Books,,,,,,,,
,,,,3448,2022-02-17,198.61,Electronics,,,,,,,,
,,,,8440,2022-03-17,10.45,Books,,,,,,,,
,,,,4432,2022-05-02,110.17,Furniture,,,,,,,,
,,,,2582,2022-09-14,138.25,Groceries,,,,,,,,
,,,,2148,2022-09-15,280.23,Furniture,,,,,,,,
,,,,9828,2022-10-02,315.05,Books,,,,,,,,
,,,,7707,2022-11-20,138.87,Electronics,,,,,,,,
,,,,3333,2022-03-07,204.72,Furniture,,,,,,,,
,,,,9712,2022-05-26,25.0,Books,,,,,,,,
,,,,7283,2022-03-29,15.66,Electronics,,,,,,,,
,,,,1999,2022-01-30,94.72,Groceries,,,,,,,,
,,,,7501,2022-06-23,260.93,Furniture,,,,,,,,
,,,,4802,2022-01-10,206.75,Clothing,,,,,,,,
,,,,8651,2022-08-23,436.81,Electronics,,,,,,,,
,,,,1083,2022-02-22,29.95,Clothing,,,,,,,,
,,,,1671,2022-07-11,427.7,Groceries,,,,,,,,
,,,,7424,2022-04-26,38.31,Books,,,,,,,,
,,,,2961,2022-12-22,406.31,Electronics,,,,,,,,
,,,,6476,2022-07-24,275.53,Electronics,,,,,,,,
,,,,1269,2022-10-20,392.65,Books,,,,,,,,
,,,,4494,2022-12-17,258.53,Furniture,,,,,,,,
,,,,8313,2022-04-05,12.42,Groceries,,,,,,,,
,,,,8889,2022-02-15,272.75,Books,,,,,,,,
,,,,7973,2022-09-18,368.19,Furniture,,,,,,,,
,,,,9372,2022-06-05,216.35,Books,,,,,,,,
,,,,7677,2022-01-19,431.38,Clothing,,,,,,,,
,,,,1310,2022-07-26,478.6,Groceries,,,,,,,,
,,,,7270,2022-12-03,285.08,Books,,,,,,,,
,,,,4844,2022-08-04,194.6,Clothing,,,,,,,,
,,,,3780,2022-11-30,116.08,Electronics,,,,,,,,
,,,,5019,2022-04-03,396.35,Clothing,,,,,,,,
,,,,3797,2022-11-30,298.46,Electronics,,,,,,,,
,,,,2491,2022-03-10,288.34,Clothing,,,,,,,,
,,,,4488,2022-04-17,345.87,Electronics,,,,,,,,
,,,,8821,2022-09-05,123.68,Groceries,,,,,,,,
,,,,3500,2022-06-25,360.84,Electronics,,,,,,,,
,,,,6880,2022-02-11,412.85,Furniture,,,,,,,,
,,,,1304,2022-07-18,397.9,Books,,,,,,,,
,,,,9652,2022-05-03,67.65,Groceries,,,,,,,,
,,,,3914,2022-10-17,365.46,Books,,,,,,,,
,,,,2109,2022-09-24,98.71,Books,,,,,,,,
,,,,8969,2022-10-14,193.2,Groceries,,,,,,,,
,,,,8391,2022-05-05,490.6,Electronics,,,,,,,,
,,,,5227,2022-09-26,451.84,Electronics,,,,,,,,
,,,,3428,2022-05-12,238.83,Books,,,,,,,,
,,,,9896,2022-08-20,41.29,Electronics,,,,,,,,
,,,,1572,2022-08-03,149.95,Books,,,,,,,,
,,,,4145,2022-06-22,386.65,Clothing,,,,,,,,
,,,,2652,2022-10-03,185.61,Furniture,,,,,,,,
,,,,8188,2022-11-08,124.54,Books,,,,,,,,
,,,,9354,2022-04-21,172.82,Books,,,,,,,,
,,,,2456,2022-12-29,439.27,Clothing,,,,,,,,
,,,,2908,2022-11-11,109.23,Clothing,,,,,,,,
,,,,5427,2022-01-28,241.96,Furniture,,,,,,,,
,,,,4444,2022-04-27,470.22,Groceries,,,,,,,,
,,,,2154,2022-10-16,128.68,Clothing,,,,,,,,
,,,,1338,2022-01-23,72.47,Electronics,,,,,,,,
,,,,3334,2022-03-09,244.17,Groceries,,,,,,,,
,,,,2458,2022-10-10,279.72,Groceries,,,,,,,,
,,,,1203,2022-02-26,216.18,Books,,,,,,,,
,,,,4884,2022-05-19,207.8,Clothing,,,,,,,,
,,,,7672,2022-06-10,442.93,Clothing,,,,,,,,
,,,,6765,2022-09-29,186.63,Electronics,,,,,,,,
,,,,9982,2022-05-18,272.72,Books,,,,,,,,
,,,,8019,2022-05-28,163.43,Books,,,,,,,,
,,,,2221,2022-04-25,284.15,Clothing,,,,,,,,
,,,,4250,2022-05-31,455.66,Books,,,,,,,,
,,,,8061,2022-02-18,398.78,Clothing,,,,,,,,
,,,,4219,2022-02-20,347.79,Groceries,,,,,,,,
,,,,8006,2022-05-21,283.02,Electronics,,,,,,,,
,,,,3787,2022-06-07,304.32,Groceries,,,,,,,,
,,,,8466,2022-01-30,42.79,Groceries,,,,,,,,
,,,,9530,2022-11-20,63.8,Books,,,,,,,,
,,,,7506,2022-08-10,138.15,Clothing,,,,,,,,
,,,,7864,2022-08-14,81.33,Clothing,,,,,,,,
,,,,3423,2022-06-04,105.5,Furniture,,,,,,,,
,,,,3497,2022-04-20,458.79,Clothing,,,,,,,,
,,,,9790,2022-09-11,158.34,Furniture,,,,,,,,
,,,,7405,2022-06-07,348.75,Electronics,,,,,,,,
,,,,8825,2022-10-19,103.67,Furniture,,,,,,,,
,,,,3744,2022-08-20,235.43,Groceries,,,,,,,,
,,,,7311,2022-02-06,76.84,Books,,,,,,,,
,,,,8506,2022-10-03,117.79,Electronics,,,,,,,,
,,,,9646,2022-12-29,195.25,Electronics,,,,,,,,
,,,,9334,2022-03-03,277.51,Clothing,,,,,,,,
,,,,6141,2022-02-28,34.5,Groceries,,,,,,,,
,,,,1627,2022-02-08,258.42,Electronics,,,,,,,,
,,,,3222,2022-09-01,295.55,Books,,,,,,,,
,,,,5693,2022-06-15,138.71,Electronics,,,,,,,,
,,,,2842,2022-01-04,431.14,Books,,,,,,,,
,,,,9730,2022-05-03,243.14,Clothing,,,,,,,,
,,,,7381,2022-10-28,336.12,Furniture,,,,,,,,
,,,,8190,2022-08-17,446.95,Furniture,,,,,,,,
,,,,1119,2022-11-07,363.2,Electronics,,,,,,,,
,,,,1938,2022-05-04,210.78,Electronics,,,,,,,,
,,,,9063,2022-06-24,214.89,Books,,,,,,,,
,,,,8022,2022-09-14,363.61,Books,,,,,,,,
,,,,1534,2022-12-19,232.77,Groceries,,,,,,,,
,,,,4699,2022-06-10,240.33,Books,,,,,,,,
,,,,4205,2022-05-26,30.15,Groceries,,,,,,,,
,,,,7575,2022-02-20,193.48,Furniture,,,,,,,,
,,,,4458,2022-03-08,49.3,Electronics,,,,,,,,
,,,,6918,2022-01-29,104.29,Groceries,,,,,,,,
,,,,9932,2022-11-27,146.99,Books,,,,,,,,
,,,,6694,2022-10-12,440.52,Furniture,,,,,,,,
,,,,1714,2022-05-11,265.8,Books,,,,,,,,
,,,,8017,2022-07-23,257.68,Electronics,,,,,,,,
,,,,3488,2022-03-24,229.36,Furniture,,,,,,,,
,,,,7572,2022-04-19,31.11,Electronics,,,,,,,,
,,,,2365,2022-03-25,471.35,Electronics,,,,,,,,
,,,,7190,2022-06-05,230.92,Electronics,,,,,,,,
,,,,4532,2022-01-13,392.66,Clothing,,,,,,,,
,,,,2740,2022-07-10,393.07,Groceries,,,,,,,,
,,,,9021,2022-05-21,68.27,Electronics,,,,,,,,
,,,,7045,2022-08-30,111.96,Furniture,,,,,,,,
,,,,2206,2022-12-28,6.07,Groceries,,,,,,,,
,,,,4630,2022-08-29,178.92,Clothing,,,,,,,,
,,,,1225,2022-01-25,441.63,Clothing,,,,,,,,
,,,,6228,2022-12-07,19.96,Furniture,,,,,,,,
,,,,4627,2022-06-27,92.59,Books,,,,,,,,
,,,,9365,2022-05-15,209.29,Clothing,,,,,,,,
,,,,2538,2022-11-05,5.92,Groceries,,,,,,,,
,,,,6798,2022-10-30,260.13,Groceries,,,,,,,,
,,,,6970,2022-08-01,328.56,Electronics,,,,,,,,
,,,,2626,2022-05-07,163.69,Books,,,,,,,,
,,,,8993,2022-01-12,12.46,Electronics,,,,,,,,
,,,,2424,2022-02-23,443.29,Electronics,,,,,,,,
,,,,3200,2022-05-03,322.02,Clothing,,,,,,,,
,,,,8076,2022-07-04,262.86,Electronics,,,,,,,,
,,,,7292,2022-10-22,256.04,Groceries,,,,,,,,
,,,,7997,2022-06-28,46.37,Electronics,,,,,,,,
,,,,1783,2022-09-03,258.59,Electronics,,,,,,,,
,,,,1623,2022-11-11,198.57,Electronics,,,,,,,,
,,,,4571,2022-12-29,28.31,Clothing,,,,,,,,
,,,,8403,2022-03-13,471.36,Electronics,,,,,,,,
,,,,6260,2022-02-23,97.77,Books,,,,,,,,
,,,,3260,2022-11-20,279.26,Clothing,,,,,,,,
,,,,9563,2022-12-09,68.17,Groceries,,,,,,,,
,,,,6154,2022-01-05,231.4,Clothing,,,,,,,,
,,,,6647,2022-10-11,132.81,Furniture,,,,,,,,
,,,,9825,2022-09-27,190.35,Groceries,,,,,,,,
,,,,2375,2022-05-24,467.26,Books,,,,,,,,
,,,,6993,2022-01-17,336.03,Furniture,,,,,,,,
,,,,3450,2022-05-26,99.66,Clothing,,,,,,,,
,,,,5611,2022-05-11,279.94,Furniture,,,,,,,,
,,,,5338,2022-10-13,340.08,Groceries,,,,,,,,
,,,,8730,2022-04-05,190.15,Furniture,,,,,,,,
,,,,7996,2022-08-31,392.17,Groceries,,,,,,,,
,,,,8446,2022-07-20,129.42,Groceries,,,,,,,,
,,,,8289,2022-05-16,286.58,Groceries,,,,,,,,
,,,,8019,2022-08-07,25.25,Groceries,,,,,,,,
,,,,3309,2022-10-30,41.17,Books,,,,,,,,
,,,,3476,2022-07-25,120.11,Furniture,,,,,,,,
,,,,8293,2022-09-18,221.45,Groceries,,,,,,,,
,,,,4034,2022-09-04,25.55,Clothing,,,,,,,,
,,,,3650,2022-05-09,244.86,Books,,,,,,,,
,,,,4494,2022-09-16,342.78,Furniture,,,,,,,,
,,,,3868,2022-01-04,376.8,Books,,,,,,,,
,,,,6067,2022-01-04,123.63,Furniture,,,,,,,,
,,,,3350,2022-04-11,135.65,Books,,,,,,,,
,,,,1757,2022-07-04,161.63,Groceries,,,,,,,,
,,,,1559,2022-06-05,40.82,Groceries,,,,,,,,
,,,,2485,2022-05-10,317.35,Electronics,,,,,,,,
,,,,8002,2022-06-02,189.08,Clothing,,,,,,,,
,,,,2147,2022-08-07,392.59,Clothing,,,,,,,,
,,,,2154,2022-07-31,359.7,Groceries,,,,,,,,
,,,,6338,2022-08-20,147.64,Groceries,,,,,,,,
,,,,2355,2022-05-20,290.44,Furniture,,,,,,,,
,,,,6335,2022-09-28,353.1,Books,,,,,,,,
,,,,2268,2022-04-21,127.4,Books,,,,,,,,
,,,,6057,2022-09-22,261.34,Electronics,,,,,,,,
,,,,5922,2022-01-19,313.48,Groceries,,,,,,,,
,,,,9585,2022-11-16,74.12,Clothing,,,,,,,,
,,,,2982,2022-08-14,113.2,Electronics,,,,,,,,
,,,,8530,2022-07-27,194.79,Electronics,,,,,,,,
,,,,8684,2022-08-18,249.98,Groceries,,,,,,,,
,,,,4035,2022-09-05,197.21,Furniture,,,,,,,,
,,,,9462,2022-07-28,380.12,Clothing,,,,,,,,
,,,,2269,2022-05-24,217.89,Electronics,,,,,,,,
,,,,9857,2022-03-22,42.39,Clothing,,,,,,,,
,,,,7141,2022-08-24,331.74,Electronics,,,,,,,,
,,,,2265,2022-09-14,196.07,Groceries,,,,,,,,
,,,,8718,2022-07-05,285.69,Clothing,,,,,,,,
,,,,8414,2022-03-18,59.01,Groceries,,,,,,,,
,,,,6637,2022-11-17,280.14,Clothing,,,,,,,,
,,,,3042,2022-07-08,59.8,Books,,,,,,,,
,,,,6198,2022-09-28,437.72,Clothing,,,,,,,,
,,,,1380,2022-02-22,252.58,Books,,,,,,,,
,,,,9572,2022-11-30,454.77,Furniture,,,,,,,,
,,,,7336,2022-10-11,173.15,Clothing,,,,,,,,
,,,,6802,2022-10-19,448.55,Furniture,,,,,,,,
,,,,7681,2022-07-16,370.87,Books,,,,,,,,
,,,,9483,2022-01-13,332.62,Groceries,,,,,,,,
,,,,5547,2022-07-22,326.68,Clothing,,,,,,,,
,,,,2367,2022-10-07,469.91,Furniture,,,,,,,,
,,,,7676,2022-01-10,14.51,Furniture,,,,,,,,
,,,,2938,2022-09-01,347.79,Electronics,,,,,,,,
,,,,6107,2022-05-09,365.33,Electronics,,,,,,,,
,,,,9880,2022-07-26,437.18,Electronics,,,,,,,,
,,,,6378,2022-10-31,16.09,Books,,,,,,,,
,,,,7526,2022-12-23,158.53,Clothing,,,,,,,,
,,,,8205,2022-04-04,77.64,Furniture,,,,,,,,
,,,,5026,2022-10-07,187.96,Groceries,,,,,,,,
,,,,3803,2022-11-03,174.1,Groceries,,,,,,,,
,,,,9396,2022-04-26,135.15,Clothing,,,,,,,,
,,,,8941,2022-06-09,393.04,Furniture,,,,,,,,
,,,,5512,2022-07-13,338.38,Books,,,,,,,,
,,,,1621,2022-03-11,32.79,Electronics,,,,,,,,
,,,,8168,2022-04-21,258.76,Furniture,,,,,,,,
,,,,7542,2022-04-20,128.48,Furniture,,,,,,,,
,,,,9739,2022-04-20,139.02,Clothing,,,,,,,,
,,,,5279,2022-06-29,123.83,Electronics,,,,,,,,
,,,,9216,2022-02-14,336.29,Clothing,,,,,,,,
,,,,6100,2022-07-31,89.08,Books,,,,,,,,
,,,,9252,2022-06-10,313.23,Groceries,,,,,,,,
,,,,2535,2022-09-19,159.54,Furniture,,,,,,,,
,,,,8603,2022-07-03,291.06,Groceries,,,,,,,,
,,,,2149,2022-09-20,450.45,Electronics,,,,,,,,
,,,,4412,2022-02-15,314.72,Books,,,,,,,,
,,,,4107,2022-06-16,31.35,Clothing,,,,,,,,
,,,,6871,2022-11-27,480.09,Groceries,,,,,,,,
,,,,9871,2022-11-06,405.27,Electronics,,,,,,,,
,,,,9044,2022-02-12,385.5,Furniture,,,,,,,,
,,,,4012,2022-07-03,145.6,Furniture,,,,,,,,
,,,,9593,2022-05-17,138.58,Electronics,,,,,,,,
,,,,1681,2022-06-26,254.25,Clothing,,,,,,,,
,,,,9891,2022-08-30,481.26,Furniture,,,,,,,,
,,,,4619,2022-01-14,474.38,Clothing,,,,,,,,
,,,,7749,2022-03-26,172.22,Electronics,,,,,,,,
,,,,3514,2022-03-15,352.72,Groceries,,,,,,,,
,,,,7113,2022-08-27,110.56,Clothing,,,,,,,,
,,,,7846,2022-01-06,430.85,Furniture,,,,,,,,
,,,,6394,2022-08-03,65.17,Clothing,,,,,,,,
,,,,4943,2022-06-16,310.63,Clothing,,,,,,,,
,,,,5225,2022-12-25,371.56,Groceries,,,,,,,,
,,,,5523,2022-03-25,73.96,Electronics,,,,,,,,
,,,,9052,2022-03-02,158.05,Groceries,,,,,,,,
,,,,7149,2022-01-06,336.53,Clothing,,,,,,,,
,,,,8772,2022-10-18,122.31,Groceries,,,,,,,,
,,,,8121,2022-11-08,125.16,Electronics,,,,,,,,
,,,,8458,2022-09-01,481.02,Groceries,,,,,,,,
,,,,6384,2022-10-03,159.36,Furniture,,,,,,,,
,,,,1615,2022-03-03,62.98,Groceries,,,,,,,,
,,,,5992,2022-11-02,63.54,Books,,,,,,,,
,,,,4248,2022-10-18,378.25,Books,,,,,,,,
,,,,6650,2022-07-04,373.76,Electronics,,,,,,,,
,,,,4425,2022-06-22,479.52,Furniture,,,,,,,,
,,,,5555,2022-02-26,397.73,Books,,,,,,,,
,,,,7550,2022-05-08,317.27,Groceries,,,,,,,,
,,,,5493,2022-11-05,143.34,Books,,,,,,,,
,,,,4968,2022-01-02,433.52,Groceries,,,,,,,,
,,,,7828,2022-09-25,174.93,Clothing,,,,,,,,
,,,,4465,2022-09-07,366.71,Groceries,,,,,,,,
,,,,9852,2022-09-22,178.09,Books,,,,,,,,
,,,,5873,2022-07-08,385.96,Books,,,,,,,,
,,,,1895,2022-02-25,62.72,Clothing,,,,,,,,
,,,,1476,2022-10-25,439.84,Groceries,,,,,,,,
,,,,8636,2022-12-11,184.87,Books,,,,,,,,
,,,,8738,2022-09-01,360.83,Clothing,,,,,,,,
,,,,8423,2022-05-30,77.31,Books,,,,,,,,
,,,,2645,2022-11-30,350.5,Books,,,,,,,,
,,,,8312,2022-07-26,374.29,Electronics,,,,,,,,
,,,,7253,2022-03-11,144.73,Furniture,,,,,,,,
,,,,6027,2022-07-20,18.54,Groceries,,,,,,,,
,,,,8015,2022-02-15,13.35,Electronics,,,,,,,,
,,,,5756,2022-08-13,304.26,Groceries,,,,,,,,
,,,,9243,2022-12-06,188.14,Books,,,,,,,,
,,,,3977,2022-04-24,385.69,Groceries,,,,,,,,
,,,,4160,2022-02-06,220.16,Groceries,,,,,,,,
,,,,1134,2022-03-08,446.98,Furniture,,,,,,,,
,,,,3475,2022-04-19,232.54,Books,,,,,,,,
,,,,1320,2022-07-03,89.75,Clothing,,,,,,,,
,,,,9506,2022-05-15,342.21,Electronics,,,,,,,,
,,,,6114,2022-09-20,118.55,Groceries,,,,,,,,
,,,,5038,2022-04-25,375.94,Groceries,,,,,,,,
,,,,4650,2022-08-31,86.53,Electronics,,,,,,,,
,,,,6344,2022-03-07,401.83,Books,,,,,,,,
,,,,8613,2022-12-26,188.49,Clothing,,,,,,,,
,,,,2878,2022-05-22,295.47,Books,,,,,,,,
,,,,5911,2022-04-12,451.46,Electronics,,,,,,,,
,,,,1675,2022-06-05,159.75,Books,,,,,,,,
,,,,2310,2022-05-02,41.06,Books,,,,,,,,
,,,,3042,2022-11-10,410.8,Clothing,,,,,,,,
,,,,6705,2022-02-19,412.76,Electronics,,,,,,,,
,,,,1235,2022-03-01,403.36,Furniture,,,,,,,,
,,,,8342,2022-01-27,98.15,Groceries,,,,,,,,
,,,,4115,2022-06-20,304.15,Clothing,,,,,,,,
,,,,6241,2022-12-30,55.19,Groceries,,,,,,,,
,,,,9519,2022-01-29,139.79,Electronics,,,,,,,,
,,,,5622,2022-07-29,248.76,Electronics,,,,,,,,
,,,,9142,2022-02-15,175.66,Books,,,,,,,,
,,,,9952,2022-04-22,308.82,Groceries,,,,,,,,
,,,,1437,2022-05-06,202.88,Groceries,,,,,,,,
,,,,9577,2022-10-06,165.75,Furniture,,,,,,,,
,,,,9686,2022-09-01,287.35,Groceries,,,,,,,,
,,,,8847,2022-12-10,208.32,Electronics,,,,,,,,
,,,,6477,2022-09-21,51.39,Furniture,,,,,,,,
,,,,8584,2022-04-20,220.19,Furniture,,,,,,,,
,,,,6447,2022-12-26,415.7,Groceries,,,,,,,,
,,,,4789,2022-12-16,154.83,Electronics,,,,,,,,
,,,,9490,2022-01-11,495.28,Clothing,,,,,,,,
,,,,2732,2022-10-02,221.19,Groceries,,,,,,,,
,,,,7223,2022-06-22,141.72,Furniture,,,,,,,,
,,,,5121,2022-01-02,239.04,Clothing,,,,,,,,
,,,,1257,2022-11-20,268.64,Books,,,,,,,,
,,,,5735,2022-07-13,348.02,Groceries,,,,,,,,
,,,,1340,2022-10-10,270.91,Electronics,,,,,,,,
,,,,7820,2022-09-10,382.47,Electronics,,,,,,,,
,,,,6564,2022-07-01,259.05,Clothing,,,,,,,,
,,,,4412,2022-12-13,423.15,Clothing,,,,,,,,
,,,,6917,2022-10-30,119.22,Groceries,,,,,,,,
,,,,6213,2022-04-06,180.35,Groceries,,,,,,,,
,,,,3640,2022-09-26,162.19,Groceries,,,,,,,,
,,,,9521,2022-06-03,331.13,Groceries,,,,,,,,
,,,,5907,2022-03-02,483.99,Electronics,,,,,,,,
,,,,4828,2022-05-28,485.88,Clothing,,,,,,,,
,,,,7379,2022-12-16,11.67,Groceries,,,,,,,,
,,,,1576,2022-02-09,200.47,Furniture,,,,,,,,
,,,,5488,2022-07-17,394.83,Books,,,,,,,,
,,,,4299,2022-03-14,33.83,Electronics,,,,,,,,
,,,,7772,2022-06-15,443.31,Clothing,,,,,,,,
,,,,1554,2022-11-24,163.04,Furniture,,,,,,,,
,,,,4198,2022-02-05,435.35,Clothing,,,,,,,,
,,,,8871,2022-09-13,264.2,Books,,,,,,,,
,,,,3522,2022-04-20,218.67,Clothing,,,,,,,,
,,,,6050,2022-11-03,302.02,Clothing,,,,,,,,
,,,,3553,2022-11-16,162.41,Electronics,,,,,,,,
,,,,7540,2022-03-21,396.58,Clothing,,,,,,,,
,,,,6830,2022-10-28,132.76,Groceries,,,,,,,,
,,,,1420,2022-08-07,324.97,Electronics,,,,,,,,
,,,,6100,2022-01-31,224.22,Furniture,,,,,,,,
,,,,4496,2022-03-18,484.37,Groceries,,,,,,,,
,,,,9008,2022-01-14,50.37,Clothing,,,,,,,,
,,,,5424,2022-12-01,21.54,Clothing,,,,,,,,
,,,,5001,2022-12-04,128.43,Groceries,,,,,,,,
,,,,6125,2022-03-31,452.08,Books,,,,,,,,
,,,,2454,2022-10-15,417.62,Clothing,,,,,,,,
,,,,4765,2022-01-31,314.6,Books,,,,,,,,
,,,,9260,2022-12-17,5.2,Groceries,,,,,,,,
,,,,9814,2022-02-02,16.66,Books,,,,,,,,
,,,,1716,2022-02-18,117.36,Groceries,,,,,,,,
,,,,2544,2022-02-21,140.41,Furniture,,,,,,,,
,,,,1336,2022-01-12,127.12,Books,,,,,,,,
,,,,8517,2022-05-17,57.82,Clothing,,,,,,,,
,,,,8598,2022-04-24,292.59,Groceries,,,,,,,,
,,,,3048,2022-08-28,374.93,Furniture,,,,,,,,
,,,,7051,2022-12-12,477.01,Books,,,,,,,,
,,,,5255,2022-09-12,201.39,Groceries,,,,,,,,
,,,,4281,2022-03-13,115.69,Electronics,,,,,,,,
,,,,7115,2022-11-07,122.33,Books,,,,,,,,
,,,,3227,2022-07-06,172.15,Electronics,,,,,,,,
,,,,8520,2022-11-19,109.16,Furniture,,,,,,,,
,,,,1509,2022-07-22,243.52,Furniture,,,,,,,,
,,,,2016,2022-05-21,359.25,Clothing,,,,,,,,
,,,,8538,2022-04-10,480.97,Clothing,,,,,,,,
,,,,6490,2022-08-02,494.48,Furniture,,,,,,,,
,,,,4650,2022-12-01,188.12,Groceries,,,,,,,,
,,,,1944,2022-03-02,94.88,Furniture,,,,,,,,
,,,,1894,2022-12-21,120.03,Electronics,,,,,,,,
,,,,8756,2022-07-01,175.32,Electronics,,,,,,,,
,,,,4660,2022-04-21,214.9,Clothing,,,,,,,,
,,,,1049,2022-12-20,247.84,Groceries,,,,,,,,
,,,,7308,2022-11-21,353.08,Books,,,,,,,,
,,,,3131,2022-02-21,330.11,Books,,,,,,,,
,,,,7552,2022-11-07,52.48,Electronics,,,,,,,,
,,,,6125,2022-01-29,451.02,Electronics,,,,,,,,
,,,,3881,2022-11-23,463.28,Clothing,,,,,,,,
,,,,1752,2022-08-23,443.65,Books,,,,,,,,
,,,,2291,2022-03-27,10.83,Clothing,,,,,,,,
,,,,2289,2022-01-18,103.18,Groceries,,,,,,,,
,,,,5011,2022-10-11,448.32,Clothing,,,,,,,,
,,,,7509,2022-12-15,197.26,Furniture,,,,,,,,
,,,,5265,2022-09-23,323.51,Electronics,,,,,,,,
,,,,5235,2022-02-01,335.95,Electronics,,,,,,,,
,,,,9531,2022-06-07,455.11,Furniture,,,,,,,,
,,,,6717,2022-12-13,101.09,Electronics,,,,,,,,
,,,,7633,2022-05-02,190.2,Clothing,,,,,,,,
,,,,6646,2022-06-21,174.92,Furniture,,,,,,,,
,,,,9108,2022-06-23,416.41,Groceries,,,,,,,,
,,,,8044,2022-07-21,182.67,Groceries,,,,,,,,
,,,,6332,2022-03-02,80.74,Books,,,,,,,,
,,,,2702,2022-02-18,7.74,Groceries,,,,,,,,
,,,,6352,2022-10-03,433.03,Books,,,,,,,,
,,,,6617,2022-09-23,204.93,Groceries,,,,,,,,
,,,,8540,2022-07-04,236.08,Groceries,,,,,,,,
,,,,1857,2022-10-16,498.81,Books,,,,,,,,
,,,,2718,2022-02-19,361.14,Books,,,,,,,,
,,,,8087,2022-12-25,24.44,Electronics,,,,,,,,
,,,,5024,2022-02-23,317.22,Electronics,,,,,,,,
,,,,8319,2022-03-04,337.5,Electronics,,,,,,,,
,,,,9402,2022-05-05,427.05,Electronics,,,,,,,,
,,,,6944,2022-08-14,102.69,Furniture,,,,,,,,
,,,,7394,2022-01-05,310.5,Books,,,,,,,,
,,,,2535,2022-03-27,55.77,Clothing,,,,,,,,
,,,,2605,2022-09-14,165.83,Books,,,,,,,,
,,,,1424,2022-07-22,323.27,Furniture,,,,,,,,
,,,,9010,2022-11-07,28.82,Furniture,,,,,,,,
,,,,6154,2022-06-11,244.2,Furniture,,,,,,,,
,,,,1333,2022-10-18,39.15,Electronics,,,,,,,,
,,,,3657,2022-07-04,88.03,Groceries,,,,,,,,
,,,,4792,2022-11-26,451.89,Groceries,,,,,,,,
,,,,2380,2022-07-14,415.09,Electronics,,,,,,,,
,,,,3515,2022-07-02,254.34,Groceries,,,,,,,,
,,,,2784,2022-08-31,459.5,Electronics,,,,,,,,
,,,,5546,2022-09-17,343.42,Furniture,,,,,,,,
,,,,3078,2022-08-01,122.61,Books,,,,,,,,
,,,,3026,2022-02-07,257.16,Books,,,,,,,,
,,,,8426,2022-02-27,394.23,Electronics,,,,,,,,
,,,,5239,2022-05-20,498.56,Clothing,,,,,,,,
,,,,2189,2022-08-06,480.46,Groceries,,,,,,,,
,,,,6857,2022-11-01,235.26,Books,,,,,,,,
,,,,8589,2022-02-04,405.65,Groceries,,,,,,,,
,,,,7129,2022-08-11,473.3,Electronics,,,,,,,,
,,,,5582,2022-01-07,164.74,Electronics,,,,,,,,
,,,,4630,2022-10-22,30.89,Books,,,,,,,,
,,,,9035,2022-07-03,196.46,Groceries,,,,,,,,
,,,,2562,2022-06-08,365.9,Electronics,,,,,,,,
,,,,2259,2022-09-06,193.6,Books,,,,,,,,
,,,,5864,2022-09-10,329.3,Furniture,,,,,,,,
,,,,6038,2022-10-18,62.9,Books,,,,,,,,
,,,,6113,2022-10-12,373.17,Furniture,,,,,,,,
,,,,9007,2022-09-20,152.65,Clothing,,,,,,,,
,,,,8932,2022-03-17,10.97,Books,,,,,,,,
,,,,6528,2022-09-20,82.08,Books,,,,,,,,
,,,,1480,2022-03-25,26.19,Books,,,,,,,,
,,,,3884,2022-07-24,82.57,Electronics,,,,,,,,
,,,,2060,2022-01-01,329.78,Furniture,,,,,,,,
,,,,6447,2022-11-03,77.58,Books,,,,,,,,
,,,,6863,2022-07-30,470.88,Books,,,,,,,,
,,,,2120,2022-02-15,162.13,Groceries,,,,,,,,
,,,,8438,2022-10-14,140.42,Electronics,,,,,,,,
,,,,5076,2022-01-28,405.36,Electronics,,,,,,,,
,,,,4495,2022-04-30,122.04,Books,,,,,,,,
,,,,1627,2022-03-20,421.28,Electronics,,,,,,,,
,,,,2350,2022-08-25,32.26,Books,,,,,,,,
,,,,4290,2022-04-12,111.76,Clothing,,,,,,,,
,,,,2202,2022-02-11,475.86,Groceries,,,,,,,,
,,,,2517,2022-07-01,440.36,Clothing,,,,,,,,
,,,,9466,2022-03-21,360.83,Groceries,,,,,,,,
,,,,2454,2022-08-26,136.88,Furniture,,,,,,,,
,,,,5027,2022-07-01,225.52,Books,,,,,,,,
,,,,6219,2022-05-24,104.0,Books,,,,,,,,
,,,,9700,2022-04-15,35.24,Groceries,,,,,,,,
,,,,9017,2022-12-15,49.98,Furniture,,,,,,,,
,,,,9501,2022-01-10,268.56,Electronics,,,,,,,,
,,,,9533,2022-04-14,488.94,Clothing,,,,,,,,
,,,,5636,2022-05-11,346.94,Books,,,,,,,,
,,,,9426,2022-09-25,232.5,Clothing,,,,,,,,
,,,,2024,2022-08-24,420.63,Furniture,,,,,,,,
,,,,6753,2022-12-05,43.93,Clothing,,,,,,,,
,,,,1721,2022-04-15,465.95,Books,,,,,,,,
,,,,1825,2022-07-15,41.18,Furniture,,,,,,,,
,,,,9551,2022-06-19,169.47,Furniture,,,,,,,,
,,,,7147,2022-05-27,391.99,Clothing,,,,,,,,
,,,,3488,2022-10-02,80.76,Electronics,,,,,,,,
,,,,8135,2022-03-10,164.49,Furniture,,,,,,,,
,,,,1514,2022-12-03,377.8,Books,,,,,,,,
,,,,4335,2022-03-24,191.7,Furniture,,,,,,,,
,,,,3791,2022-09-03,344.64,Books,,,,,,,,
,,,,8213,2022-08-14,102.53,Furniture,,,,,,,,
,,,,8301,2022-11-06,366.21,Electronics,,,,,,,,
,,,,5504,2022-03-06,101.8,Books,,,,,,,,
,,,,4419,2022-09-28,266.32,Furniture,,,,,,,,
,,,,3391,2022-09-18,215.65,Clothing,,,,,,,,
,,,,9269,2022-05-28,390.15,Books,,,,,,,,
,,,,2516,2022-07-25,192.59,Books,,,,,,,,
,,,,8183,2022-07-25,157.29,Furniture,,,,,,,,
,,,,1193,2022-05-16,119.15,Groceries,,,,,,,,
,,,,8677,2022-01-17,485.71,Clothing,,,,,,,,
,,,,9843,2022-02-22,25.82,Clothing,,,,,,,,
,,,,5002,2022-06-07,35.08,Groceries,,,,,,,,
,,,,3467,2022-03-12,181.4,Groceries,,,,,,,,
,,,,4987,2022-12-24,10.91,Electronics,,,,,,,,
,,,,1951,2022-01-17,89.37,Clothing,,,,,,,,
,,,,3105,2022-05-06,222.88,Clothing,,,,,,,,
,,,,2608,2022-06-15,112.98,Furniture,,,,,,,,
,,,,1817,2022-08-10,442.93,Furniture,,,,,,,,
,,,,7417,2022-07-30,463.28,Furniture,,,,,,,,
,,,,3836,2022-03-21,20.38,Clothing,,,,,,,,
,,,,6500,2022-06-19,210.08,Furniture,,,,,,,,
,,,,3253,2022-08-09,388.48,Electronics,,,,,,,,
,,,,7841,2022-03-23,403.0,Books,,,,,,,,
,,,,4477,2022-01-07,442.8,Books,,,,,,,,
,,,,5291,2022-11-17,348.82,Groceries,,,,,,,,
,,,,7332,2022-05-23,487.46,Electronics,,,,,,,,
,,,,3784,2022-01-29,456.0,Electronics,,,,,,,,
,,,,5945,2022-09-30,207.82,Electronics,,,,,,,,
,,,,2099,2022-06-22,56.27,Clothing,,,,,,,,
,,,,5712,2022-08-01,356.3,Electronics,,,,,,,,
,,,,8591,2022-09-01,298.11,Furniture,,,,,,,,
,,,,1804,2022-05-19,303.43,Furniture,,,,,,,,
,,,,7966,2022-07-05,278.96,Electronics,,,,,,,,
,,,,9104,2022-05-02,449.74,Electronics,,,,,,,,
,,,,6428,2022-05-15,162.3,Electronics,,,,,,,,
,,,,9935,2022-02-21,397.05,Groceries,,,,,,,,
,,,,6546,2022-08-07,407.9,Groceries,,,,,,,,
,,,,2496,2022-02-21,157.49,Books,,,,,,,,
,,,,6690,2022-10-17,488.77,Clothing,,,,,,,,
,,,,4878,2022-08-06,231.7,Clothing,,,,,,,,
,,,,7028,2022-02-13,134.56,Furniture,,,,,,,,
,,,,7549,2022-09-26,300.3,Clothing,,,,,,,,
,,,,5613,2022-05-18,305.08,Books,,,,,,,,
,,,,4650,2022-03-14,207.86,Books,,,,,,,,
,,,,5349,2022-05-11,148.93,Electronics,,,,,,,,
,,,,5389,2022-03-24,323.99,Furniture,,,,,,,,
,,,,8824,2022-01-01,490.97,Electronics,,,,,,,,
,,,,3730,2022-09-21,74.3,Books,,,,,,,,
,,,,5791,2022-06-04,313.02,Electronics,,,,,,,,
,,,,4538,2022-06-19,157.35,Books,,,,,,,,
,,,,1334,2022-04-09,218.89,Furniture,,,,,,,,
,,,,1844,2022-04-17,79.73,Electronics,,,,,,,,
,,,,9345,2022-07-16,152.34,Clothing,,,,,,,,
,,,,2610,2022-05-20,69.23,Clothing,,,,,,,,
,,,,8304,2022-12-05,442.42,Clothing,,,,,,,,
,,,,6760,2022-11-26,303.09,Furniture,,,,,,,,
,,,,5694,2022-05-11,359.73,Books,,,,,,,,
,,,,2429,2022-11-03,334.58,Clothing,,,,,,,,
,,,,4146,2022-02-10,267.86,Clothing,,,,,,,,
,,,,3615,2022-08-01,344.29,Furniture,,,,,,,,
,,,,4338,2022-07-19,453.19,Clothing,,,,,,,,
,,,,8938,2022-07-19,226.2,Clothing,,,,,,,,
,,,,4294,2022-04-06,157.71,Clothing,,,,,,,,
,,,,9449,2022-05-20,94.23,Books,,,,,,,,
,,,,2981,2022-05-25,383.5,Furniture,,,,,,,,
,,,,4885,2022-03-15,213.86,Electronics,,,,,,,,
,,,,4505,2022-05-05,413.43,Books,,,,,,,,
,,,,7986,2022-02-09,209.93,Clothing,,,,,,,,
,,,,6568,2022-05-14,477.94,Electronics,,,,,,,,
,,,,1301,2022-12-22,367.51,Groceries,,,,,,,,
,,,,7767,2022-11-14,447.67,Books,,,,,,,,
,,,,6533,2022-03-26,129.52,Furniture,,,,,,,,
,,,,7580,2022-01-21,108.67,Books,,,,,,,,
,,,,8351,2022-10-04,239.81,Clothing,,,,,,,,
,,,,5821,2022-05-26,67.15,Electronics,,,,,,,,
,,,,6532,2022-04-23,15.4,Books,,,,,,,,
,,,,9408,2022-07-31,491.58,Groceries,,,,,,,,
,,,,6361,2022-10-30,388.59,Electronics,,,,,,,,
,,,,2102,2022-03-09,125.96,Clothing,,,,,,,,
,,,,8255,2022-05-01,183.18,Furniture,,,,,,,,
,,,,6891,2022-12-23,47.39,Groceries,,,,,,,,
,,,,5583,2022-07-24,470.47,Electronics,,,,,,,,
,,,,5101,2022-11-04,173.97,Groceries,,,,,,,,
,,,,4722,2022-01-24,325.74,Clothing,,,,,,,,
,,,,5908,2022-09-22,212.91,Furniture,,,,,,,,
,,,,7995,2022-03-31,369.35,Furniture,,,,,,,,
,,,,9971,2022-12-19,74.35,Clothing,,,,,,,,
,,,,9293,2022-04-12,86.72,Books,,,,,,,,
,,,,6673,2022-04-23,154.42,Books,,,,,,,,
,,,,1125,2022-04-07,54.27,Electronics,,,,,,,,
,,,,2548,2022-09-17,237.89,Electronics,,,,,,,,
,,,,7794,2022-06-26,226.53,Clothing,,,,,,,,
,,,,8926,2022-09-13,187.0,Groceries,,,,,,,,
,,,,4505,2022-06-20,387.68,Furniture,,,,,,,,
,,,,6133,2022-01-31,433.53,Books,,,,,,,,
,,,,1731,2022-06-01,58.04,Groceries,,,,,,,,
,,,,1324,2022-06-14,105.69,Electronics,,,,,,,,
,,,,1892,2022-02-20,358.51,Books,,,,,,,,
,,,,1946,2022-02-25,244.67,Clothing,,,,,,,,
,,,,2299,2022-07-21,229.05,Electronics,,,,,,,,
,,,,5057,2022-10-02,84.69,Furniture,,,,,,,,
,,,,2357,2022-09-14,45.32,Furniture,,,,,,,,
,,,,1312,2022-09-09,87.28,Clothing,,,,,,,,
,,,,6669,2022-04-15,5.18,Books,,,,,,,,
,,,,1503,2022-03-18,458.37,Furniture,,,,,,,,
,,,,8315,2022-08-10,419.92,Electronics,,,,,,,,
,,,,5559,2022-02-12,218.73,Groceries,,,,,,,,
,,,,6222,2022-02-12,288.53,Books,,,,,,,,
,,,,8640,2022-07-06,101.82,Clothing,,,,,,,,
,,,,5913,2022-06-08,26.62,Books,,,,,,,,
,,,,3705,2022-09-09,259.27,Books,,,,,,,,
,,,,1895,2022-01-08,330.42,Groceries,,,,,,,,
,,,,7700,2022-01-22,101.43,Groceries,,,,,,,,
,,,,5420,2022-11-11,249.29,Electronics,,,,,,,,
,,,,3507,2022-02-24,22.45,Furniture,,,,,,,,
,,,,1861,2022-06-10,460.14,Electronics,,,,,,,,
,,,,6604,2022-10-31,96.96,Groceries,,,,,,,,
,,,,4420,2022-04-13,80.32,Furniture,,,,,,,,
,,,,9267,2022-03-10,387.25,Electronics,,,,,,,,
,,,,7321,2022-04-02,431.62,Groceries,,,,,,,,
,,,,4023,2022-06-08,155.43,Electronics,,,,,,,,
,,,,8543,2022-03-14,409.65,Clothing,,,,,,,,
,,,,1841,2022-08-15,60.1,Electronics,,,,,,,,
,,,,6852,2022-02-05,496.35,Clothing,,,,,,,,
,,,,3520,2022-12-15,372.43,Electronics,,,,,,,,
,,,,3489,2022-06-12,195.7,Furniture,,,,,,,,
,,,,9296,2022-02-18,44.21,Clothing,,,,,,,,
,,,,1311,2022-08-01,243.79,Electronics,,,,,,,,
,,,,7393,2022-08-04,70.76,Groceries,,,,,,,,
,,,,9833,2022-04-23,261.75,Clothing,,,,,,,,
,,,,6230,2022-07-06,329.72,Groceries,,,,,,,,
,,,,6363,2022-06-26,123.68,Electronics,,,,,,,,
,,,,7548,2022-02-08,271.56,Clothing,,,,,,,,
,,,,7234,2022-04-23,120.66,Clothing,,,,,,,,
,,,,4239,2022-05-28,161.59,Groceries,,,,,,,,
,,,,6272,2022-11-17,161.81,Furniture,,,,,,,,
,,,,2305,2022-06-05,463.64,Clothing,,,,,,,,
,,,,2291,2022-07-28,75.07,Electronics,,,,,,,,
,,,,5066,2022-01-21,424.32,Furniture,,,,,,,,
,,,,4807,2022-04-12,389.35,Furniture,,,,,,,,
,,,,7440,2022-05-17,235.64,Furniture,,,,,,,,
,,,,2239,2022-04-03,50.37,Furniture,,,,,,,,
,,,,3597,2022-01-26,272.39,Groceries,,,,,,,,
,,,,7236,2022-10-09,66.58,Books,,,,,,,,
,,,,5935,2022-11-01,59.01,Books,,,,,,,,
,,,,1774,2022-01-03,358.17,Clothing,,,,,,,,
,,,,3107,2022-04-13,213.1,Furniture,,,,,,,,
,,,,4292,2022-08-06,104.17,Furniture,,,,,,,,
,,,,8563,2022-10-05,350.12,Clothing,,,,,,,,
,,,,1915,2022-11-03,394.69,Books,,,,,,,,
,,,,2693,2022-03-06,121.49,Furniture,,,,,,,,
,,,,2709,2022-02-27,17.89,Electronics,,,,,,,,
,,,,9664,2022-12-02,476.17,Groceries,,,,,,,,
,,,,3889,2022-03-13,268.49,Clothing,,,,,,,,
,,,,6743,2022-06-25,149.44,Furniture,,,,,,,,
,,,,8260,2022-04-20,459.56,Books,,,,,,,,
,,,,9723,2022-09-04,485.51,Furniture,,,,,,,,
,,,,3401,2022-10-04,228.01,Groceries,,,,,,,,
,,,,1573,2022-12-15,447.21,Electronics,,,,,,,,
,,,,2333,2022-11-16,203.31,Furniture,,,,,,,,
,,,,3977,2022-05-25,76.13,Electronics,,,,,,,,
,,,,8924,2022-07-01,493.76,Groceries,,,,,,,,
,,,,5559,2022-03-03,89.34,Books,,,,,,,,
,,,,2735,2022-02-12,323.09,Clothing,,,,,,,,
,,,,1854,2022-08-19,344.42,Groceries,,,,,,,,
,,,,8798,2022-04-27,179.05,Groceries,,,,,,,,
,,,,2557,2022-12-15,271.85,Books,,,,,,,,
,,,,6253,2022-07-23,108.19,Furniture,,,,,,,,
,,,,2653,2022-10-13,252.57,Clothing,,,,,,,,
,,,,5151,2022-06-14,13.15,Books,,,,,,,,
,,,,7220,2022-05-03,260.61,Furniture,,,,,,,,
,,,,3913,2022-02-25,298.72,Clothing,,,,,,,,
,,,,8000,2022-09-22,198.79,Electronics,,,,,,,,
,,,,2315,2022-06-08,270.38,Electronics,,,,,,,,
,,,,5041,2022-07-28,351.3,Electronics,,,,,,,,
,,,,9371,2022-09-24,53.15,Electronics,,,,,,,,
,,,,6847,2022-02-15,390.89,Furniture,,,,,,,,
,,,,5275,2022-11-27,353.88,Books,,,,,,,,
,,,,4784,2022-05-31,473.86,Electronics,,,,,,,,
,,,,6163,2022-05-03,270.99,Books,,,,,,,,
,,,,2964,2022-04-29,79.47,Furniture,,,,,,,,
,,,,9241,2022-10-17,395.36,Clothing,,,,,,,,
,,,,8215,2022-01-21,488.88,Furniture,,,,,,,,
,,,,1419,2022-10-20,115.94,Furniture,,,,,,,,
,,,,6979,2022-12-25,107.67,Clothing,,,,,,,,
,,,,4777,2022-01-14,280.8,Clothing,,,,,,,,
,,,,8307,2022-05-28,79.71,Clothing,,,,,,,,
,,,,2195,2022-05-25,498.9,Furniture,,,,,,,,
,,,,4507,2022-03-15,200.79,Furniture,,,,,,,,
,,,,6394,2022-11-18,83.78,Electronics,,,,,,,,
,,,,1674,2022-10-01,254.96,Books,,,,,,,,
,,,,1157,2022-12-22,207.63,Electronics,,,,,,,,
,,,,5579,2022-03-28,155.68,Groceries,,,,,,,,
,,,,1818,2022-08-20,391.54,Furniture,,,,,,,,
,,,,6324,2022-06-21,435.75,Books,,,,,,,,
,,,,7833,2022-11-23,63.34,Furniture,,,,,,,,
,,,,5126,2022-11-04,472.13,Groceries,,,,,,,,
,,,,5719,2022-01-29,186.75,Clothing,,,,,,,,
,,,,4056,2022-05-26,280.86,Clothing,,,,,,,,
,,,,9737,2022-12-05,313.56,Furniture,,,,,,,,
,,,,3559,2022-05-28,456.48,Books,,,,,,,,
,,,,3578,2022-06-18,496.89,Clothing,,,,,,,,
,,,,6508,2022-09-26,64.64,Furniture,,,,,,,,
,,,,9169,2022-01-11,97.39,Clothing,,,,,,,,
,,,,8060,2022-03-27,61.4,Clothing,,,,,,,,
,,,,3449,2022-09-19,367.17,Clothing,,,,,,,,
,,,,1485,2022-01-24,84.86,Clothing,,,,,,,,
,,,,7611,2022-09-21,437.1,Clothing,,,,,,,,
,,,,3824,2022-12-06,48.25,Clothing,,,,,,,,
,,,,2493,2022-10-10,188.18,Clothing,,,,,,,,
,,,,6134,2022-01-30,65.48,Groceries,,,,,,,,
,,,,4550,2022-08-20,250.45,Books,,,,,,,,
,,,,9566,2022-06-08,345.16,Furniture,,,,,,,,
,,,,8930,2022-03-13,162.36,Groceries,,,,,,,,
,,,,4908,2022-01-22,89.93,Furniture,,,,,,,,
,,,,4681,2022-08-12,469.85,Books,,,,,,,,
,,,,9493,2022-07-28,99.89,Groceries,,,,,,,,
,,,,3628,2022-04-27,170.23,Groceries,,,,,,,,
,,,,8984,2022-07-02,181.76,Furniture,,,,,,,,
,,,,9626,2022-11-16,417.24,Electronics,,,,,,,,
,,,,1684,2022-06-17,216.62,Books,,,,,,,,
,,,,3963,2022-03-27,475.21,Books,,,,,,,,
,,,,3242,2022-04-12,138.67,Groceries,,,,,,,,
,,,,7119,2022-03-04,323.96,Books,,,,,,,,
,,,,1827,2022-09-03,405.13,Clothing,,,,,,,,
,,,,1562,2022-10-26,254.31,Groceries,,,,,,,,
,,,,4657,2022-06-22,7.34,Books,,,,,,,,
,,,,5268,2022-03-28,331.36,Furniture,,,,,,,,
,,,,1924,2022-06-13,200.98,Clothing,,,,,,,,
,,,,7635,2022-02-14,264.97,Groceries,,,,,,,,
,,,,6504,2022-03-06,431.05,Groceries,,,,,,,,
,,,,9926,2022-04-20,318.9,Books,,,,,,,,
,,,,5307,2022-05-02,482.48,Books,,,,,,,,
,,,,3896,2022-05-24,114.32,Furniture,,,,,,,,
,,,,3408,2022-01-22,469.98,Furniture,,,,,,,,
,,,,2411,2022-09-18,308.98,Books,,,,,,,,
,,,,9587,2022-01-13,314.25,Furniture,,,,,,,,
,,,,2192,2022-11-08,158.33,Books,,,,,,,,
,,,,5212,2022-07-03,352.08,Electronics,,,,,,,,
,,,,4047,2022-06-29,350.48,Groceries,,,,,,,,
,,,,9564,2022-07-16,198.41,Groceries,,,,,,,,
,,,,6594,2022-06-12,462.84,Books,,,,,,,,
,,,,1684,2022-09-16,26.34,Groceries,,,,,,,,
,,,,9716,2022-11-13,101.5,Groceries,,,,,,,,
,,,,1503,2022-07-13,18.8,Furniture,,,,,,,,
,,,,6538,2022-12-12,258.25,Clothing,,,,,,,,
,,,,7299,2022-09-17,193.74,Books,,,,,,,,
,,,,3623,2022-05-27,401.82,Groceries,,,,,,,,
,,,,7878,2022-08-15,63.8,Clothing,,,,,,,,
,,,,6365,2022-03-15,384.04,Clothing,,,,,,,,
,,,,5381,2022-02-20,191.93,Electronics,,,,,,,,
,,,,6607,2022-05-10,477.75,Groceries,,,,,,,,
,,,,7001,2022-04-17,44.23,Books,,,,,,,,
,,,,1486,2022-12-18,201.99,Groceries,,,,,,,,
,,,,6292,2022-09-01,40.91,Electronics,,,,,,,,
,,,,2621,2022-08-01,200.55,Groceries,,,,,,,,
,,,,3651,2022-10-08,339.09,Groceries,,,,,,,,
,,,,4017,2022-04-12,268.73,Books,,,,,,,,
,,,,2041,2022-06-06,52.79,Electronics,,,,,,,,
,,,,6778,2022-01-06,146.92,Books,,,,,,,,
,,,,2838,2022-05-06,14.01,Groceries,,,,,,,,
,,,,6996,2022-05-12,135.18,Electronics,,,,,,,,
,,,,5622,2022-08-27,238.97,Clothing,,,,,,,,
,,,,9374,2022-09-15,405.41,Electronics,,,,,,,,
,,,,2974,2022-01-26,221.27,Clothing,,,,,,,,
,,,,7459,2022-08-16,215.69,Clothing,,,,,,,,
,,,,6441,2022-08-17,345.23,Groceries,,,,,,,,
,,,,1816,2022-07-23,166.32,Furniture,,,,,,,,
,,,,9725,2022-03-18,386.53,Groceries,,,,,,,,
,,,,4287,2022-06-18,463.35,Books,,,,,,,,
,,,,9584,2022-11-11,253.05,Furniture,,,,,,,,
,,,,6479,2022-07-02,91.44,Electronics,,,,,,,,
,,,,2121,2022-08-02,142.52,Electronics,,,,,,,,
,,,,3026,2022-09-03,113.4,Furniture,,,,,,,,
,,,,1469,2022-06-03,92.72,Clothing,,,,,,,,
,,,,2301,2022-01-25,496.99,Groceries,,,,,,,,
,,,,8487,2022-08-14,169.28,Books,,,,,,,,
,,,,3016,2022-03-12,33.02,Books,,,,,,,,
,,,,8800,2022-09-12,498.03,Electronics,,,,,,,,
,,,,3136,2022-05-15,348.92,Clothing,,,,,,,,
,,,,9171,2022-07-04,29.95,Electronics,,,,,,,,
,,,,2607,2022-04-17,334.87,Clothing,,,,,,,,
,,,,5162,2022-06-08,238.58,Books,,,,,,,,
,,,,4993,2022-03-26,336.78,Electronics,,,,,,,,
,,,,7886,2022-03-15,212.99,Furniture,,,,,,,,
,,,,6135,2022-03-26,203.4,Books,,,,,,,,
,,,,5722,2022-06-28,209.36,Clothing,,,,,,,,
,,,,3984,2022-09-07,278.98,Furniture,,,,,,,,
,,,,8528,2022-12-22,225.61,Furniture,,,,,,,,
,,,,6691,2022-01-30,331.71,Electronics,,,,,,,,
,,,,1107,2022-03-12,324.95,Electronics,,,,,,,,
,,,,5387,2022-03-22,402.69,Furniture,,,,,,,,
,,,,3527,2022-07-19,72.63,Groceries,,,,,,,,
,,,,5633,2022-08-17,191.76,Books,,,,,,,,
,,,,4947,2022-05-22,459.88,Clothing,,,,,,,,
,,,,4052,2022-02-22,263.88,Clothing,,,,,,,,
,,,,7677,2022-08-17,80.31,Furniture,,,,,,,,
,,,,3597,2022-07-04,176.8,Furniture,,,,,,,,
,,,,6952,2022-02-13,379.53,Groceries,,,,,,,,
,,,,5878,2022-06-22,151.61,Electronics,,,,,,,,
,,,,1639,2022-05-07,200.99,Furniture,,,,,,,,
,,,,5784,2022-05-13,348.52,Furniture,,,,,,,,
,,,,7075,2022-10-17,149.5,Furniture,,,,,,,,
,,,,2780,2022-06-19,369.57,Furniture,,,,,,,,
,,,,6173,2022-10-25,94.86,Clothing,,,,,,,,
,,,,7432,2022-01-10,97.61,Clothing,,,,,,,,
,,,,9170,2022-03-13,193.06,Groceries,,,,,,,,
,,,,1800,2022-11-08,66.07,Groceries,,,,,,,,
,,,,7936,2022-03-28,302.14,Books,,,,,,,,
,,,,7642,2022-02-20,180.32,Furniture,,,,,,,,
,,,,9855,2022-10-27,37.04,Furniture,,,,,,,,
,,,,5617,2022-05-19,333.32,Groceries,,,,,,,,
,,,,6330,2022-05-07,80.66,Electronics,,,,,,,,
,,,,8784,2022-12-13,95.42,Groceries,,,,,,,,
,,,,4121,2022-11-23,471.73,Furniture,,,,,,,,
,,,,5913,2022-06-02,49.08,Furniture,,,,,,,,
,,,,3605,2022-10-11,206.39,Books,,,,,,,,
,,,,9749,2022-08-14,467.71,Furniture,,,,,,,,
,,,,3611,2022-10-29,401.4,Groceries,,,,,,,,
,,,,3624,2022-07-01,393.2,Electronics,,,,,,,,
,,,,8876,2022-05-03,48.41,Books,,,,,,,,
,,,,2666,2022-12-18,65.26,Clothing,,,,,,,,
,,,,1589,2022-06-11,362.2,Books,,,,,,,,
,,,,1398,2022-08-01,123.77,Electronics,,,,,,,,
,,,,5596,2022-04-20,455.92,Clothing,,,,,,,,
,,,,8228,2022-04-19,153.11,Clothing,,,,,,,,
,,,,7726,2022-05-25,317.04,Groceries,,,,,,,,
,,,,3340,2022-02-03,41.49,Books,,,,,,,,
,,,,9445,2022-02-28,156.07,Electronics,,,,,,,,
,,,,4205,2022-12-02,162.11,Groceries,,,,,,,,
,,,,1123,2022-06-12,495.15,Clothing,,,,,,,,
,,,,8582,2022-05-18,429.12,Books,,,,,,,,
,,,,8918,2022-11-07,344.45,Electronics,,,,,,,,
,,,,2979,2022-07-03,297.39,Furniture,,,,,,,,
,,,,3219,2022-04-18,459.53,Books,,,,,,,,
,,,,4148,2022-12-23,210.71,Furniture,,,,,,,,
,,,,4067,2022-08-15,276.74,Books,,,,,,,,
,,,,1141,2022-02-23,403.36,Clothing,,,,,,,,
,,,,2510,2022-05-10,259.71,Electronics,,,,,,,,
,,,,7831,2022-10-05,225.37,Books,,,,,,,,
,,,,2609,2022-06-15,15.74,Furniture,,,,,,,,
,,,,8426,2022-04-26,286.41,Electronics,,,,,,,,
,,,,4173,2022-01-28,250.9,Furniture,,,,,,,,
,,,,3857,2022-08-28,449.87,Furniture,,,,,,,,
,,,,7114,2022-03-06,195.29,Groceries,,,,,,,,
,,,,3240,2022-01-26,384.45,Electronics,,,,,,,,
,,,,3716,2022-06-14,102.73,Electronics,,,,,,,,
,,,,3085,2022-04-10,350.37,Books,,,,,,,,
,,,,8733,2022-02-20,153.24,Furniture,,,,,,,,
,,,,6422,2022-01-13,105.83,Clothing,,,,,,,,
,,,,9701,2022-07-08,49.28,Groceries,,,,,,,,
,,,,5699,2022-06-12,446.03,Groceries,,,,,,,,
,,,,9256,2022-11-11,277.29,Furniture,,,,,,,,
,,,,1423,2022-12-02,463.86,Groceries,,,,,,,,
,,,,2509,2022-09-05,156.48,Clothing,,,,,,,,
,,,,6024,2022-01-18,99.08,Books,,,,,,,,
,,,,9676,2022-09-26,490.68,Groceries,,,,,,,,
,,,,5602,2022-09-07,179.31,Electronics,,,,,,,,
,,,,8460,2022-05-14,173.65,Electronics,,,,,,,,
,,,,9374,2022-02-04,395.65,Electronics,,,,,,,,
,,,,3779,2022-05-21,155.76,Furniture,,,,,,,,
,,,,8404,2022-06-27,336.49,Clothing,,,,,,,,
,,,,9789,2022-09-09,55.87,Books,,,,,,,,
,,,,8681,2022-01-20,385.3,Clothing,,,,,,,,
,,,,5891,2022-12-02,322.27,Electronics,,,,,,,,
,,,,8504,2022-03-14,456.25,Groceries,,,,,,,,
,,,,6883,2022-02-20,93.38,Clothing,,,,,,,,
,,,,1625,2022-07-20,455.23,Clothing,,,,,,,,
,,,,9102,2022-10-15,308.14,Books,,,,,,,,
,,,,4309,2022-07-18,197.04,Furniture,,,,,,,,
,,,,9126,2022-02-21,18.26,Clothing,,,,,,,,
,,,,8129,2022-02-18,221.51,Electronics,,,,,,,,
,,,,1490,2022-02-13,297.84,Electronics,,,,,,,,
,,,,1377,2022-07-08,128.19,Electronics,,,,,,,,
,,,,1329,2022-10-23,398.63,Electronics,,,,,,,,
,,,,4356,2022-01-17,333.21,Furniture,,,,,,,,
,,,,5923,2022-08-22,56.94,Furniture,,,,,,,,
,,,,6452,2022-07-26,56.92,Furniture,,,,,,,,
,,,,7533,2022-02-20,159.79,Electronics,,,,,,,,
,,,,7170,2022-03-29,365.81,Electronics,,,,,,,,
,,,,7307,2022-10-07,311.59,Books,,,,,,,,
,,,,6348,2022-06-17,410.45,Groceries,,,,,,,,
,,,,9055,2022-07-08,479.86,Groceries,,,,,,,,
,,,,3135,2022-08-01,288.14,Furniture,,,,,,,,
,,,,6370,2022-08-13,292.94,Groceries,,,,,,,,
,,,,4233,2022-11-12,492.58,Furniture,,,,,,,,
,,,,5945,2022-08-06,161.11,Furniture,,,,,,,,
,,,,4731,2022-12-19,315.93,Groceries,,,,,,,,
,,,,8663,2022-11-21,261.19,Books,,,,,,,,
,,,,2428,2022-11-14,148.88,Electronics,,,,,,,,
,,,,2838,2022-10-19,247.85,Clothing,,,,,,,,
,,,,5044,2022-01-25,289.21,Electronics,,,,,,,,
,,,,4772,2022-06-09,288.49,Furniture,,,,,,,,
,,,,1452,2022-01-03,149.53,Furniture,,,,,,,,
,,,,1263,2022-02-21,182.47,Furniture,,,,,,,,
,,,,4846,2022-03-12,492.41,Electronics,,,,,,,,
,,,,6655,2022-04-06,178.04,Clothing,,,,,,,,
,,,,5863,2022-11-03,164.18,Books,,,,,,,,
,,,,6036,2022-07-13,149.22,Groceries,,,,,,,,
,,,,3984,2022-07-14,26.23,Furniture,,,,,,,,
,,,,6547,2022-04-15,71.8,Clothing,,,,,,,,
,,,,5755,2022-04-19,241.7,Books,,,,,,,,
,,,,1481,2022-03-28,94.11,Books,,,,,,,,
,,,,2607,2022-11-24,218.93,Furniture,,,,,,,,
,,,,4761,2022-01-01,281.85,Books,,,,,,,,
,,,,3304,2022-10-11,5.76,Books,,,,,,,,
,,,,2509,2022-01-20,315.0,Electronics,,,,,,,,
,,,,1837,2022-05-11,329.52,Books,,,,,,,,
,,,,4609,2022-12-21,148.67,Clothing,,,,,,,,
,,,,8019,2022-07-25,29.93,Clothing,,,,,,,,
,,,,5939,2022-09-01,64.33,Books,,,,,,,,
,,,,6148,2022-09-20,468.7,Books,,,,,,,,
,,,,1864,2022-02-21,425.53,Books,,,,,,,,
,,,,3089,2022-07-25,231.64,Electronics,,,,,,,,
,,,,6666,2022-03-11,453.78,Groceries,,,,,,,,
,,,,8699,2022-05-30,24.26,Electronics,,,,,,,,
,,,,7939,2022-10-24,76.14,Furniture,,,,,,,,
,,,,2197,2022-12-31,158.97,Clothing,,,,,,,,
,,,,6990,2022-09-23,212.9,Electronics,,,,,,,,
,,,,9968,2022-04-15,172.48,Clothing,,,,,,,,
,,,,2740,2022-06-03,73.32,Groceries,,,,,,,,
,,,,4995,2022-11-02,403.39,Electronics,,,,,,,,
,,,,5495,2022-04-05,437.03,Groceries,,,,,,,,
,,,,4789,2022-04-18,201.93,Books,,,,,,,,
,,,,2540,2022-11-30,152.9,Clothing,,,,,,,,
,,,,2118,2022-09-28,404.92,Clothing,,,,,,,,
,,,,9616,2022-10-06,348.89,Groceries,,,,,,,,
,,,,9031,2022-08-26,409.43,Clothing,,,,,,,,
,,,,2891,2022-07-02,350.35,Electronics,,,,,,,,
,,,,8779,2022-10-24,111.29,Clothing,,,,,,,,
,,,,3424,2022-03-03,330.03,Electronics,,,,,,,,
,,,,8876,2022-11-10,235.01,Clothing,,,,,,,,
,,,,4897,2022-12-19,164.41,Clothing,,,,,,,,
,,,,4795,2022-04-20,343.51,Books,,,,,,,,
,,,,1150,2022-07-20,341.06,Books,,,,,,,,
,,,,2565,2022-07-07,297.18,Electronics,,,,,,,,
,,,,1135,2022-07-17,433.81,Electronics,,,,,,,,
,,,,2264,2022-05-19,52.89,Books,,,,,,,,
,,,,8663,2022-03-03,189.83,Clothing,,,,,,,,
,,,,6028,2022-06-08,400.82,Electronics,,,,,,,,
,,,,8261,2022-05-11,25.55,Books,,,,,,,,
,,,,2474,2022-07-14,86.25,Electronics,,,,,,,,
,,,,9316,2022-04-09,463.77,Books,,,,,,,,
,,,,8057,2022-01-14,496.91,Groceries,,,,,,,,
,,,,9904,2022-01-10,300.0,Books,,,,,,,,
,,,,7519,2022-06-28,363.46,Groceries,,,,,,,,
,,,,2701,2022-03-06,438.8,Electronics,,,,,,,,
,,,,5870,2022-12-01,367.81,Clothing,,,,,,,,
,,,,6090,2022-07-28,230.08,Clothing,,,,,,,,
,,,,4128,2022-09-20,249.15,Clothing,,,,,,,,
,,,,9908,2022-05-06,21.2,Electronics,,,,,,,,
,,,,1474,2022-07-07,492.61,Books,,,,,,,,
,,,,2176,2022-10-16,457.81,Books,,,,,,,,
,,,,3886,2022-05-31,239.38,Electronics,,,,,,,,
,,,,2340,2022-01-11,293.05,Furniture,,,,,,,,
,,,,3889,2022-11-26,53.71,Electronics,,,,,,,,
,,,,3046,2022-11-04,353.45,Books,,,,,,,,
,,,,7694,2022-08-10,434.45,Clothing,,,,,,,,
,,,,8194,2022-04-11,97.79,Electronics,,,,,,,,
,,,,9961,2022-10-21,374.91,Books,,,,,,,,
,,,,7487,2022-11-06,5.4,Groceries,,,,,,,,
,,,,3397,2022-12-05,459.8,Electronics,,,,,,,,
,,,,8387,2022-06-26,117.65,Electronics,,,,,,,,
,,,,9279,2022-04-30,264.77,Electronics,,,,,,,,
,,,,3320,2022-02-10,80.0,Furniture,,,,,,,,
,,,,1894,2022-04-18,159.66,Books,,,,,,,,
,,,,6477,2022-05-05,36.01,Books,,,,,,,,
,,,,7237,2022-09-10,190.09,Clothing,,,,,,,,
,,,,6059,2022-03-13,202.72,Furniture,,,,,,,,
,,,,6505,2022-10-31,293.43,Furniture,,,,,,,,
,,,,7068,2022-09-04,72.04,Books,,,,,,,,
,,,,6433,2022-03-01,262.51,Furniture,,,,,,,,
,,,,8834,2022-09-19,274.28,Groceries,,,,,,,,
,,,,5377,2022-03-25,267.92,Furniture,,,,,,,,
,,,,4277,2022-06-28,107.42,Groceries,,,,,,,,
,,,,9925,2022-12-08,312.15,Electronics,,,,,,,,
,,,,1507,2022-07-11,382.56,Clothing,,,,,,,,
,,,,1579,2022-07-15,93.08,Electronics,,,,,,,,
,,,,8786,2022-12-22,31.75,Clothing,,,,,,,,
,,,,4903,2022-03-02,393.55,Groceries,,,,,,,,
,,,,7042,2022-11-06,338.11,Clothing,,,,,,,,
,,,,8403,2022-05-31,454.68,Furniture,,,,,,,,
,,,,3952,2022-06-07,179.88,Books,,,,,,,,
,,,,3010,2022-02-12,60.96,Clothing,,,,,,,,
,,,,8247,2022-12-30,104.63,Groceries,,,,,,,,
,,,,8242,2022-11-28,284.49,Clothing,,,,,,,,
,,,,5787,2022-01-05,199.24,Books,,,,,,,,
,,,,2134,2022-12-05,69.57,Clothing,,,,,,,,
,,,,6425,2022-07-05,434.72,Clothing,,,,,,,,
,,,,9023,2022-06-16,387.68,Electronics,,,,,,,,
,,,,5802,2022-02-02,64.82,Books,,,,,,,,
,,,,1050,2022-04-22,206.6,Books,,,,,,,,
,,,,4202,2022-04-23,327.7,Books,,,,,,,,
,,,,1139,2022-06-13,342.64,Furniture,,,,,,,,
,,,,1488,2022-12-26,248.13,Clothing,,,,,,,,
,,,,4145,2022-01-07,464.17,Furniture,,,,,,,,
,,,,1767,2022-06-12,94.65,Furniture,,,,,,,,
,,,,4619,2022-09-11,217.37,Clothing,,,,,,,,
,,,,4986,2022-04-10,402.82,Groceries,,,,,,,,
,,,,6816,2022-09-24,461.38,Clothing,,,,,,,,
,,,,5931,2022-12-11,451.44,Groceries,,,,,,,,
,,,,1349,2022-04-05,176.28,Furniture,,,,,,,,
,,,,3110,2022-10-22,365.09,Clothing,,,,,,,,
,,,,8612,2022-07-01,144.15,Electronics,,,,,,,,
,,,,1679,2022-12-29,45.66,Clothing,,,,,,,,
,,,,9997,2022-04-04,136.08,Groceries,,,,,,,,
,,,,6980,2022-04-01,463.45,Furniture,,,,,,,,
,,,,9448,2022-04-22,285.16,Groceries,,,,,,,,
,,,,8871,2022-10-14,139.51,Electronics,,,,,,,,
,,,,7419,2022-05-09,30.76,Electronics,,,,,,,,
,,,,1806,2022-11-06,266.12,Books,,,,,,,,
,,,,1756,2022-08-31,54.87,Electronics,,,,,,,,
,,,,4606,2022-08-15,100.31,Clothing,,,,,,,,
,,,,6946,2022-11-19,362.15,Furniture,,,,,,,,
,,,,2427,2022-08-17,119.98,Furniture,,,,,,,,
,,,,4567,2022-09-06,465.22,Electronics,,,,,,,,
,,,,5717,2022-08-17,270.06,Groceries,,,,,,,,
,,,,3501,2022-10-07,372.13,Clothing,,,,,,,,
,,,,4396,2022-01-14,39.63,Clothing,,,,,,,,
,,,,6174,2022-09-08,465.79,Groceries,,,,,,,,
,,,,1402,2022-08-14,152.59,Clothing,,,,,,,,
,,,,3490,2022-05-30,229.92,Clothing,,,,,,,,
,,,,6018,2022-09-06,499.57,Groceries,,,,,,,,
,,,,1224,2022-03-29,367.49,Groceries,,,,,,,,
,,,,6302,2022-09-11,137.66,Books,,,,,,,,
,,,,2970,2022-11-30,68.58,Clothing,,,,,,,,
,,,,1167,2022-06-22,11.26,Groceries,,,,,,,,
,,,,9374,2022-11-01,52.24,Furniture,,,,,,,,
,,,,4187,2022-02-22,431.04,Clothing,,,,,,,,
,,,,5840,2022-01-13,27.65,Books,,,,,,,,
,,,,9242,2022-12-07,307.82,Clothing,,,,,,,,
,,,,9282,2022-04-27,78.62,Electronics,,,,,,,,
,,,,8368,2022-01-20,254.76,Books,,,,,,,,
,,,,6750,2022-01-19,280.19,Electronics,,,,,,,,
,,,,5542,2022-09-10,461.0,Clothing,,,,,,,,
,,,,2051,2022-04-01,294.13,Books,,,,,,,,
,,,,8691,2022-04-10,441.85,Electronics,,,,,,,,
,,,,2481,2022-03-07,429.26,Furniture,,,,,,,,
,,,,8379,2022-09-27,318.96,Groceries,,,,,,,,
,,,,5480,2022-12-19,288.81,Books,,,,,,,,
,,,,2189,2022-08-17,274.25,Groceries,,,,,,,,
,,,,5708,2022-11-08,111.75,Electronics,,,,,,,,
,,,,1625,2022-09-15,427.62,Groceries,,,,,,,,
,,,,4912,2022-11-10,459.89,Books,,,,,,,,
,,,,5529,2022-06-06,161.01,Furniture,,,,,,,,
,,,,7364,2022-04-28,460.83,Books,,,,,,,,
,,,,8808,2022-11-09,82.36,Books,,,,,,,,
,,,,1592,2022-12-24,185.34,Groceries,,,,,,,,
,,,,6251,2022-08-18,335.91,Books,,,,,,,,
,,,,6645,2022-07-08,443.26,Books,,,,,,,,
,,,,3593,2022-08-04,35.03,Books,,,,,,,,
,,,,5161,2022-02-17,284.25,Electronics,,,,,,,,
,,,,6568,2022-05-13,379.31,Furniture,,,,,,,,
,,,,9252,2022-10-19,65.05,Electronics,,,,,,,,
,,,,6425,2022-09-19,79.07,Books,,,,,,,,
,,,,9541,2022-08-07,360.71,Books,,,,,,,,
,,,,7869,2022-03-26,216.02,Electronics,,,,,,,,
,,,,5401,2022-07-08,107.96,Electronics,,,,,,,,
,,,,4276,2022-04-18,183.15,Books,,,,,,,,
,,,,7803,2022-03-15,237.31,Furniture,,,,,,,,
,,,,7162,2022-11-20,91.24,Groceries,,,,,,,,
,,,,1779,2022-05-13,309.76,Clothing,,,,,,,,
,,,,6677,2022-01-27,18.09,Groceries,,,,,,,,
,,,,7627,2022-12-17,475.29,Furniture,,,,,,,,
,,,,9381,2022-04-25,185.06,Furniture,,,,,,,,
,,,,1719,2022-08-27,35.95,Furniture,,,,,,,,
,,,,9020,2022-06-03,14.1,Clothing,,,,,,,,
,,,,3610,2022-05-13,416.07,Books,,,,,,,,
,,,,1800,2022-04-25,201.36,Furniture,,,,,,,,
,,,,7101,2022-05-05,73.24,Groceries,,,,,,,,
,,,,6434,2022-10-26,111.94,Books,,,,,,,,
,,,,3560,2022-05-21,261.65,Books,,,,,,,,
,,,,7672,2022-08-19,20.13,Clothing,,,,,,,,
,,,,1496,2022-01-06,153.21,Groceries,,,,,,,,
,,,,8618,2022-05-22,66.3,Groceries,,,,,,,,
,,,,6653,2022-05-18,98.26,Clothing,,,,,,,,
,,,,2031,2022-12-16,186.95,Electronics,,,,,,,,
,,,,5339,2022-10-11,248.09,Groceries,,,,,,,,
,,,,4915,2022-07-18,264.65,Clothing,,,,,,,,
,,,,7068,2022-04-05,140.75,Clothing,,,,,,,,
,,,,5100,2022-03-04,161.25,Clothing,,,,,,,,
,,,,7187,2022-01-17,93.14,Clothing,,,,,,,,
,,,,4223,2022-05-08,124.78,Clothing,,,,,,,,
,,,,7820,2022-05-13,76.13,Electronics,,,,,,,,
,,,,1359,2022-05-22,58.98,Books,,,,,,,,
,,,,1757,2022-09-18,241.79,Clothing,,,,,,,,
,,,,4796,2022-06-09,251.83,Furniture,,,,,,,,
,,,,1068,2022-11-04,241.81,Electronics,,,,,,,,
,,,,5923,2022-11-03,190.85,Furniture,,,,,,,,
,,,,4026,2022-07-18,157.86,Groceries,,,,,,,,
,,,,3498,2022-11-07,408.6,Furniture,,,,,,,,
,,,,8593,2022-09-10,179.44,Electronics,,,,,,,,
,,,,1732,2022-02-12,125.51,Furniture,,,,,,,,
,,,,9623,2022-05-18,178.72,Groceries,,,,,,,,
,,,,7885,2022-08-20,340.9,Groceries,,,,,,,,
,,,,4120,2022-01-31,250.62,Groceries,,,,,,,,
,,,,8665,2022-04-17,227.11,Furniture,,,,,,,,
,,,,6664,2022-02-20,148.43,Books,,,,,,,,
,,,,9145,2022-06-13,485.9,Clothing,,,,,,,,
,,,,5107,2022-03-13,39.66,Books,,,,,,,,
,,,,5658,2022-04-11,200.97,Furniture,,,,,,,,
,,,,7304,2022-06-05,402.93,Books,,,,,,,,
,,,,2668,2022-08-28,301.06,Electronics,,,,,,,,
,,,,8719,2022-04-15,126.58,Groceries,,,,,,,,
,,,,4820,2022-02-09,223.74,Furniture,,,,,,,,
,,,,3714,2022-07-15,318.01,Furniture,,,,,,,,
,,,,3003,2022-01-31,22.44,Furniture,,,,,,,,
,,,,6856,2022-08-12,28.54,Clothing,,,,,,,,
,,,,1433,2022-07-03,31.78,Books,,,,,,,,
,,,,6393,2022-09-07,280.56,Clothing,,,,,,,,
,,,,5610,2022-06-02,312.35,Clothing,,,,,,,,
,,,,9503,2022-06-20,49.1,Books,,,,,,,,
,,,,1755,2022-08-13,235.86,Books,,,,,,,,
,,,,6784,2022-12-04,67.92,Books,,,,,,,,
,,,,7287,2022-11-20,58.5,Furniture,,,,,,,,
,,,,4232,2022-09-03,149.77,Clothing,,,,,,,,
,,,,9925,2022-07-01,55.47,Electronics,,,,,,,,
,,,,7034,2022-08-04,255.02,Electronics,,,,,,,,
,,,,2914,2022-04-12,94.85,Books,,,,,,,,
,,,,2339,2022-02-23,442.76,Clothing,,,,,,,,
,,,,1167,2022-09-09,101.58,Furniture,,,,,,,,
,,,,3880,2022-12-15,442.88,Books,,,,,,,,
,,,,3374,2022-08-14,328.16,Electronics,,,,,,,,
,,,,8515,2022-06-07,388.23,Clothing,,,,,,,,
,,,,6018,2022-03-06,491.34,Groceries,,,,,,,,
,,,,9054,2022-11-17,409.82,Electronics,,,,,,,,
,,,,2045,2022-06-12,257.5,Books,,,,,,,,
,,,,4219,2022-11-06,402.75,Furniture,,,,,,,,
,,,,7380,2022-09-30,428.95,Furniture,,,,,,,,
,,,,9559,2022-09-05,178.81,Electronics,,,,,,,,
,,,,7743,2022-07-05,351.08,Clothing,,,,,,,,
,,,,4670,2022-08-09,144.37,Electronics,,,,,,,,
,,,,8054,2022-09-10,14.13,Groceries,,,,,,,,
,,,,5802,2022-10-23,381.86,Clothing,,,,,,,,
,,,,3906,2022-06-21,212.27,Clothing,,,,,,,,
,,,,1484,2022-08-20,267.15,Furniture,,,,,,,,
,,,,4003,2022-05-02,47.42,Books,,,,,,,,
,,,,6513,2022-01-12,218.86,Furniture,,,,,,,,
,,,,6526,2022-01-25,291.46,Groceries,,,,,,,,
,,,,3428,2022-12-11,34.36,Books,,,,,,,,
,,,,8147,2022-08-30,132.91,Clothing,,,,,,,,
,,,,4401,2022-11-03,213.52,Furniture,,,,,,,,
,,,,8172,2022-05-10,383.15,Clothing,,,,,,,,
,,,,9027,2022-10-07,184.58,Books,,,,,,,,
,,,,5436,2022-11-22,81.79,Groceries,,,,,,,,
,,,,7558,2022-11-04,351.83,Groceries,,,,,,,,
,,,,3607,2022-03-08,462.27,Groceries,,,,,,,,
,,,,1654,2022-07-06,480.2,Electronics,,,,,,,,
,,,,6506,2022-08-20,42.67,Electronics,,,,,,,,
,,,,8843,2022-11-09,189.22,Electronics,,,,,,,,
,,,,5958,2022-01-22,121.71,Clothing,,,,,,,,
,,,,8431,2022-07-02,166.99,Furniture,,,,,,,,
,,,,8886,2022-02-11,300.0,Books,,,,,,,,
,,,,4352,2022-12-18,486.18,Furniture,,,,,,,,
,,,,9841,2022-12-12,42.37,Furniture,,,,,,,,
,,,,5466,2022-08-11,440.47,Books,,,,,,,,
,,,,5896,2022-03-23,252.84,Electronics,,,,,,,,
,,,,6414,2022-08-21,302.59,Electronics,,,,,,,,
,,,,2738,2022-04-25,158.49,Books,,,,,,,,
,,,,4707,2022-06-28,82.55,Furniture,,,,,,,,
,,,,7448,2022-09-25,98.82,Groceries,,,,,,,,
,,,,4168,2022-02-24,182.75,Furniture,,,,,,,,
,,,,5979,2022-01-06,56.15,Electronics,,,,,,,,
,,,,9725,2022-07-18,248.41,Furniture,,,,,,,,
,,,,8173,2022-04-28,32.68,Electronics,,,,,,,,
,,,,9269,2022-04-29,52.36,Electronics,,,,,,,,
,,,,6769,2022-02-13,437.15,Furniture,,,,,,,,
,,,,4739,2022-06-03,303.69,Electronics,,,,,,,,
,,,,7453,2022-08-04,103.15,Groceries,,,,,,,,
,,,,5833,2022-11-04,86.41,Clothing,,,,,,,,
,,,,2575,2022-08-01,385.53,Clothing,,,,,,,,
,,,,6604,2022-03-29,347.93,Furniture,,,,,,,,
,,,,4045,2022-07-15,70.87,Electronics,,,,,,,,
,,,,6480,2022-08-24,387.2,Groceries,,,,,,,,
,,,,3522,2022-01-26,218.92,Clothing,,,,,,,,
,,,,9752,2022-03-10,466.26,Electronics,,,,,,,,
,,,,2009,2022-05-16,67.09,Groceries,,,,,,,,
,,,,1080,2022-09-20,30.05,Clothing,,,,,,,,
,,,,2261,2022-08-29,61.52,Furniture,,,,,,,,
,,,,8862,2022-12-21,65.82,Electronics,,,,,,,,
,,,,9662,2022-10-10,329.41,Books,,,,,,,,
,,,,4842,2022-02-21,142.05,Books,,,,,,,,
,,,,8916,2022-04-12,240.73,Electronics,,,,,,,,
,,,,2077,2022-08-01,327.0,Books,,,,,,,,
,,,,9709,2022-12-16,266.24,Furniture,,,,,,,,
,,,,8733,2022-06-02,253.65,Electronics,,,,,,,,
,,,,1993,2022-09-01,221.73,Groceries,,,,,,,,
,,,,7292,2022-11-06,58.22,Electronics,,,,,,,,
,,,,1652,2022-04-12,382.76,Clothing,,,,,,,,
,,,,8255,2022-08-25,128.71,Groceries,,,,,,,,
,,,,5007,2022-12-24,106.63,Groceries,,,,,,,,
,,,,6441,2022-09-02,248.34,Groceries,,,,,,,,
,,,,2658,2022-09-22,14.76,Electronics,,,,,,,,
,,,,4279,2022-05-10,499.39,Groceries,,,,,,,,
,,,,6891,2022-06-06,398.25,Clothing,,,,,,,,
,,,,2438,2022-12-14,101.52,Furniture,,,,,,,,
,,,,5767,2022-01-04,270.02,Books,,,,,,,,
,,,,8782,2022-02-19,67.51,Furniture,,,,,,,,
,,,,6357,2022-01-13,404.29,Electronics,,,,,,,,
,,,,1035,2022-06-22,267.47,Electronics,,,,,,,,
,,,,3498,2022-02-17,289.58,Furniture,,,,,,,,
,,,,4953,2022-06-24,30.82,Furniture,,,,,,,,
,,,,8314,2022-02-09,393.64,Groceries,,,,,,,,
,,,,3490,2022-10-28,320.05,Groceries,,,,,,,,
,,,,8598,2022-12-04,393.87,Groceries,,,,,,,,
,,,,2651,2022-02-17,191.11,Clothing,,,,,,,,
,,,,9954,2022-04-15,421.85,Groceries,,,,,,,,
,,,,9823,2022-02-03,388.61,Books,,,,,,,,
,,,,6694,2022-06-21,417.04,Clothing,,,,,,,,
,,,,3843,2022-01-15,280.52,Books,,,,,,,,
,,,,2043,2022-05-21,303.04,Clothing,,,,,,,,
,,,,5646,2022-02-24,248.84,Books,,,,,,,,
,,,,4559,2022-12-03,104.61,Books,,,,,,,,
,,,,7156,2022-06-05,257.83,Groceries,,,,,,,,
,,,,3163,2022-05-22,155.21,Furniture,,,,,,,,
,,,,7892,2022-03-03,474.15,Groceries,,,,,,,,
,,,,2824,2022-11-14,123.34,Books,,,,,,,,
,,,,9607,2022-07-01,150.51,Furniture,,,,,,,,
,,,,1563,2022-08-19,30.25,Clothing,,,,,,,,
,,,,3332,2022-03-22,428.16,Clothing,,,,,,,,
,,,,4345,2022-12-03,298.82,Furniture,,,,,,,,
,,,,6574,2022-05-26,192.83,Books,,,,,,,,
,,,,7235,2022-06-12,303.83,Clothing,,,,,,,,
,,,,4083,2022-12-23,381.46,Furniture,,,,,,,,
,,,,7942,2022-01-24,217.96,Furniture,,,,,,,,
,,,,9801,2022-11-12,298.13,Books,,,,,,,,
,,,,3035,2022-02-15,377.71,Clothing,,,,,,,,
,,,,7083,2022-02-13,404.14,Electronics,,,,,,,,
,,,,2506,2022-11-23,62.8,Groceries,,,,,,,,
,,,,9671,2022-02-07,331.94,Clothing,,,,,,,,
,,,,3366,2022-05-27,252.07,Furniture,,,,,,,,
,,,,8655,2022-11-19,368.69,Furniture,,,,,,,,
,,,,8425,2022-05-19,249.52,Clothing,,,,,,,,
,,,,7605,2022-03-13,465.26,Furniture,,,,,,,,
,,,,7764,2022-06-09,293.62,Electronics,,,,,,,,
,,,,4188,2022-08-13,168.35,Clothing,,,,,,,,
,,,,5674,2022-07-23,470.34,Groceries,,,,,,,,
,,,,2369,2022-01-25,240.47,Books,,,,,,,,
,,,,2715,2022-08-17,432.78,Groceries,,,,,,,,
,,,,6517,2022-02-10,67.37,Furniture,,,,,,,,
,,,,1529,2022-11-07,407.35,Electronics,,,,,,,,
,,,,2998,2022-10-26,282.81,Furniture,,,,,,,,
,,,,4704,2022-08-27,269.99,Furniture,,,,,,,,
,,,,8132,2022-08-06,187.97,Clothing,,,,,,,,
,,,,4920,2022-11-01,204.13,Groceries,,,,,,,,
,,,,1076,2022-08-19,147.83,Electronics,,,,,,,,
,,,,1392,2022-12-11,20.62,Furniture,,,,,,,,
,,,,4628,2022-04-13,38.12,Books,,,,,,,,
,,,,3902,2022-12-15,278.53,Electronics,,,,,,,,
,,,,3817,2022-10-08,301.65,Electronics,,,,,,,,
,,,,1963,2022-02-25,79.62,Books,,,,,,,,
,,,,3509,2022-12-17,213.86,Books,,,,,,,,
,,,,4555,2022-10-19,179.26,Clothing,,,,,,,,
,,,,6980,2022-02-10,96.39,Books,,,,,,,,
,,,,2684,2022-07-30,446.06,Furniture,,,,,,,,
,,,,7165,2022-02-20,415.66,Books,,,,,,,,
,,,,9562,2022-05-31,317.23,Clothing,,,,,,,,
,,,,9780,2022-11-01,47.85,Furniture,,,,,,,,
,,,,2116,2022-11-10,329.76,Books,,,,,,,,
,,,,1193,2022-10-20,425.26,Groceries,,,,,,,,
,,,,3195,2022-08-23,329.23,Books,,,,,,,,
,,,,1771,2022-04-20,201.95,Groceries,,,,,,,,
,,,,2626,2022-01-02,294.33,Electronics,,,,,,,,
,,,,9365,2022-03-27,347.91,Books,,,,,,,,
,,,,7733,2022-02-22,313.01,Electronics,,,,,,,,
,,,,9216,2022-08-25,414.71,Furniture,,,,,,,,
,,,,7360,2022-06-17,31.77,Books,,,,,,,,
,,,,9042,2022-08-26,214.57,Electronics,,,,,,,,
,,,,3679,2022-10-02,278.02,Books,,,,,,,,
,,,,9866,2022-07-16,379.0,Furniture,,,,,,,,
,,,,5825,2022-09-10,21.56,Clothing,,,,,,,,
,,,,5591,2022-10-06,202.77,Clothing,,,,,,,,
,,,,1088,2022-05-28,181.06,Clothing,,,,,,,,
,,,,4630,2022-11-07,264.05,Clothing,,,,,,,,
,,,,3326,2022-03-26,377.86,Books,,,,,,,,
,,,,2033,2022-10-18,203.72,Groceries,,,,,,,,
,,,,2780,2022-06-19,39.51,Clothing,,,,,,,,
,,,,2825,2022-06-15,343.64,Groceries,,,,,,,,
,,,,2556,2022-12-24,300.41,Electronics,,,,,,,,
,,,,5482,2022-02-15,464.12,Electronics,,,,,,,,
,,,,7953,2022-05-13,146.53,Clothing,,,,,,,,
,,,,7278,2022-05-03,28.16,Electronics,,,,,,,,
,,,,4069,2022-12-07,382.2,Books,,,,,,,,
,,,,9156,2022-11-30,93.01,Electronics,,,,,,,,
,,,,8941,2022-04-20,165.78,Books,,,,,,,,
,,,,5132,2022-04-12,195.68,Furniture,,,,,,,,
,,,,7596,2022-12-17,294.67,Furniture,,,,,,,,
,,,,8354,2022-01-31,189.7,Groceries,,,,,,,,
,,,,3168,2022-11-25,291.92,Electronics,,,,,,,,
,,,,4299,2022-09-02,330.92,Books,,,,,,,,
,,,,1881,2022-11-28,278.24,Groceries,,,,,,,,
,,,,4649,2022-05-22,10.28,Clothing,,,,,,,,
,,,,1998,2022-05-10,87.99,Groceries,,,,,,,,
,,,,5128,2022-01-02,250.54,Groceries,,,,,,,,
,,,,2806,2022-08-13,17.7,Clothing,,,,,,,,
,,,,6581,2022-01-06,162.11,Books,,,,,,,,
,,,,2413,2022-03-06,360.91,Furniture,,,,,,,,
,,,,2505,2022-11-27,141.51,Electronics,,,,,,,,
,,,,2486,2022-11-06,289.27,Electronics,,,,,,,,
,,,,1502,2022-01-20,96.27,Books,,,,,,,,
,,,,3455,2022-12-21,41.2,Clothing,,,,,,,,
,,,,1367,2022-03-29,427.48,Groceries,,,,,,,,
,,,,4767,2022-04-17,146.58,Furniture,,,,,,,,
,,,,7623,2022-03-16,347.62,Electronics,,,,,,,,
,,,,7417,2022-05-22,188.73,Books,,,,,,,,
,,,,6788,2022-03-21,441.07,Clothing,,,,,,,,
,,,,1493,2022-09-04,488.9,Clothing,,,,,,,,
,,,,5909,2022-08-30,171.04,Clothing,,,,,,,,
,,,,5263,2022-04-02,378.48,Clothing,,,,,,,,
,,,,1094,2022-03-11,336.84,Books,,,,,,,,
,,,,4893,2022-05-02,280.38,Groceries,,,,,,,,
,,,,1792,2022-01-13,270.9,Groceries,,,,,,,,
,,,,8549,2022-02-07,219.03,Furniture,,,,,,,,
,,,,3091,2022-09-12,153.05,Books,,,,,,,,
,,,,4656,2022-07-17,117.43,Groceries,,,,,,,,
,,,,1002,2022-07-01,322.66,Groceries,,,,,,,,
,,,,4652,2022-05-03,21.62,Books,,,,,,,,
,,,,6970,2022-10-11,168.51,Books,,,,,,,,
,,,,7955,2022-01-17,200.61,Groceries,,,,,,,,
,,,,9045,2022-03-30,61.42,Books,,,,,,,,
,,,,5376,2022-01-04,35.63,Furniture,,,,,,,,
,,,,5543,2022-12-10,497.4,Groceries,,,,,,,,
,,,,3259,2022-01-21,375.38,Furniture,,,,,,,,
,,,,3361,2022-04-02,139.2,Clothing,,,,,,,,
,,,,6139,2022-10-31,319.74,Electronics,,,,,,,,
,,,,8481,2022-09-25,385.35,Books,,,,,,,,
,,,,7706,2022-05-20,273.54,Books,,,,,,,,
,,,,8110,2022-04-22,364.8,Books,,,,,,,,
,,,,8526,2022-08-08,30.29,Electronics,,,,,,,,
,,,,6076,2022-05-28,477.36,Groceries,,,,,,,,
,,,,6121,2022-03-15,469.66,Groceries,,,,,,,,
,,,,4484,2022-05-25,367.48,Furniture,,,,,,,,
,,,,3764,2022-04-20,79.01,Books,,,,,,,,
,,,,3092,2022-02-06,86.63,Groceries,,,,,,,,
,,,,4768,2022-10-14,197.63,Groceries,,,,,,,,
,,,,3598,2022-02-08,358.81,Furniture,,,,,,,,
,,,,2035,2022-09-13,435.69,Groceries,,,,,,,,
,,,,5728,2022-10-23,377.44,Clothing,,,,,,,,
,,,,9215,2022-01-01,41.78,Books,,,,,,,,
,,,,2014,2022-09-16,413.92,Clothing,,,,,,,,
,,,,7013,2022-01-13,397.28,Books,,,,,,,,
,,,,9474,2022-12-10,161.04,Electronics,,,,,,,,
,,,,2100,2022-11-09,403.68,Electronics,,,,,,,,
,,,,8490,2022-05-16,468.54,Electronics,,,,,,,,
,,,,5130,2022-07-25,350.22,Electronics,,,,,,,,
,,,,1174,2022-01-17,204.03,Groceries,,,,,,,,
,,,,1429,2022-01-19,374.04,Groceries,,,,,,,,
,,,,4951,2022-06-16,351.24,Books,,,,,,,,
,,,,7535,2022-03-28,410.81,Groceries,,,,,,,,
,,,,5786,2022-11-19,154.15,Furniture,,,,,,,,
,,,,3323,2022-10-08,303.76,Clothing,,,,,,,,
,,,,6972,2022-09-05,488.21,Electronics,,,,,,,,
,,,,6545,2022-10-14,137.18,Clothing,,,,,,,,
,,,,7581,2022-12-02,441.56,Books,,,,,,,,
,,,,8717,2022-10-24,399.17,Books,,,,,,,,
,,,,5856,2022-07-16,90.99,Clothing,,,,,,,,
,,,,6044,2022-12-20,443.99,Furniture,,,,,,,,
,,,,7750,2022-12-16,186.4,Electronics,,,,,,,,
,,,,8790,2022-09-30,81.49,Furniture,,,,,,,,
,,,,6931,2022-11-02,285.93,Clothing,,,,,,,,
,,,,2979,2022-01-06,62.47,Books,,,,,,,,
,,,,3833,2022-07-18,436.31,Clothing,,,,,,,,
,,,,1887,2022-04-01,293.53,Groceries,,,,,,,,
,,,,9983,2022-04-19,222.38,Furniture,,,,,,,,
,,,,7858,2022-06-30,158.37,Groceries,,,,,,,,
,,,,2061,2022-12-28,469.02,Electronics,,,,,,,,
,,,,7244,2022-12-12,89.27,Furniture,,,,,,,,
,,,,4964,2022-07-12,209.27,Groceries,,,,,,,,
,,,,4166,2022-10-12,449.78,Groceries,,,,,,,,
,,,,5681,2022-06-03,133.48,Groceries,,,,,,,,
,,,,8390,2022-12-01,309.67,Electronics,,,,,,,,
,,,,9747,2022-01-24,169.27,Books,,,,,,,,
,,,,9547,2022-04-10,381.87,Electronics,,,,,,,,
,,,,4597,2022-11-13,422.21,Electronics,,,,,,,,
,,,,6811,2022-10-06,323.27,Groceries,,,,,,,,
,,,,6444,2022-10-09,116.56,Groceries,,,,,,,,
,,,,6501,2022-01-10,177.75,Furniture,,,,,,,,
,,,,5278,2022-01-28,244.97,Electronics,,,,,,,,
,,,,5926,2022-04-15,356.11,Clothing,,,,,,,,
,,,,3806,2022-09-03,444.03,Groceries,,,,,,,,
,,,,5412,2022-07-01,73.24,Electronics,,,,,,,,
,,,,6035,2022-03-11,467.13,Clothing,,,,,,,,
,,,,9620,2022-02-24,301.83,Books,,,,,,,,
,,,,4235,2022-12-13,328.09,Electronics,,,,,,,,
,,,,4837,2022-03-24,35.99,Electronics,,,,,,,,
,,,,1444,2022-01-15,442.73,Furniture,,,,,,,,
,,,,1660,2022-09-29,73.21,Electronics,,,,,,,,
,,,,9821,2022-08-07,49.97,Clothing,,,,,,,,
,,,,6177,2022-06-21,202.25,Groceries,,,,,,,,
,,,,8379,2022-05-02,47.64,Groceries,,,,,,,,
,,,,3219,2022-06-19,459.44,Furniture,,,,,,,,
,,,,3324,2022-09-16,189.28,Books,,,,,,,,
,,,,1724,2022-01-01,252.53,Clothing,,,,,,,,
,,,,3105,2022-11-12,466.64,Books,,,,,,,,
,,,,2867,2022-07-20,26.09,Clothing,,,,,,,,
,,,,9676,2022-06-21,228.1,Groceries,,,,,,,,
,,,,6608,2022-03-11,44.91,Books,,,,,,,,
,,,,9521,2022-05-05,11.93,Clothing,,,,,,,,
,,,,8250,2022-04-21,85.23,Groceries,,,,,,,,
,,,,9189,2022-06-16,355.43,Electronics,,,,,,,,
,,,,5970,2022-10-21,31.85,Electronics,,,,,,,,
,,,,9605,2022-04-18,19.26,Furniture,,,,,,,,
,,,,5398,2022-02-23,12.26,Clothing,,,,,,,,
,,,,5943,2022-05-02,100.29,Furniture,,,,,,,,
,,,,7978,2022-11-21,487.57,Books,,,,,,,,
,,,,3484,2022-12-06,359.52,Furniture,,,,,,,,
,,,,8729,2022-04-04,423.22,Clothing,,,,,,,,
,,,,3210,2022-10-02,58.38,Furniture,,,,,,,,
,,,,7379,2022-12-06,270.13,Electronics,,,,,,,,
,,,,7374,2022-08-22,147.03,Clothing,,,,,,,,
,,,,2851,2022-08-30,210.63,Groceries,,,,,,,,
,,,,3230,2022-03-09,185.7,Electronics,,,,,,,,
,,,,1599,2022-03-02,444.1,Furniture,,,,,,,,
,,,,9564,2022-09-19,368.48,Clothing,,,,,,,,
,,,,5713,2022-06-18,209.34,Books,,,,,,,,
,,,,6839,2022-01-18,213.09,Electronics,,,,,,,,
,,,,1625,2022-04-27,367.84,Electronics,,,,,,,,
,,,,5252,2022-10-29,237.48,Electronics,,,,,,,,
,,,,3063,2022-10-27,75.18,Books,,,,,,,,
,,,,6637,2022-05-12,329.82,Furniture,,,,,,,,
,,,,3424,2022-09-22,223.39,Furniture,,,,,,,,
,,,,5157,2022-05-02,483.19,Electronics,,,,,,,,
,,,,4919,2022-08-11,220.15,Electronics,,,,,,,,
,,,,3521,2022-02-02,464.83,Books,,,,,,,,
,,,,1460,2022-01-25,18.31,Books,,,,,,,,
,,,,2468,2022-11-09,304.34,Books,,,,,,,,
,,,,6337,2022-08-06,483.62,Furniture,,,,,,,,
,,,,2636,2022-08-06,74.35,Books,,,,,,,,
,,,,2370,2022-06-17,199.28,Books,,,,,,,,
,,,,2747,2022-03-19,217.96,Clothing,,,,,,,,
,,,,9239,2022-07-16,320.69,Books,,,,,,,,
,,,,7689,2022-04-18,89.65,Clothing,,,,,,,,
,,,,2505,2022-11-21,238.32,Furniture,,,,,,,,
,,,,4890,2022-01-06,108.97,Groceries,,,,,,,,
,,,,9699,2022-06-21,131.39,Books,,,,,,,,
,,,,8493,2022-01-16,65.06,Books,,,,,,,,
,,,,9986,2022-11-03,44.67,Groceries,,,,,,,,
,,,,2268,2022-05-27,65.76,Groceries,,,,,,,,
,,,,8765,2022-03-02,126.67,Books,,,,,,,,
,,,,3226,2022-07-11,242.8,Groceries,,,,,,,,
,,,,8542,2022-03-29,457.88,Clothing,,,,,,,,
,,,,8016,2022-12-27,384.86,Clothing,,,,,,,,
,,,,4975,2022-02-27,185.0,Groceries,,,,,,,,
,,,,4654,2022-01-18,160.09,Furniture,,,,,,,,
,,,,7474,2022-05-20,414.34,Groceries,,,,,,,,
,,,,6409,2022-10-04,183.21,Groceries,,,,,,,,
,,,,9269,2022-03-28,287.46,Electronics,,,,,,,,
,,,,3983,2022-09-28,402.4,Books,,,,,,,,
,,,,6213,2022-01-10,492.31,Books,,,,,,,,
,,,,6906,2022-07-20,483.22,Furniture,,,,,,,,
,,,,1778,2022-06-16,182.71,Groceries,,,,,,,,
,,,,8866,2022-04-23,169.98,Books,,,,,,,,
,,,,1027,2022-02-16,485.64,Electronics,,,,,,,,
,,,,3574,2022-08-28,319.48,Books,,,,,,,,
,,,,9876,2022-03-19,203.71,Electronics,,,,,,,,
,,,,2141,2022-11-08,400.2,Books,,,,,,,,
,,,,8391,2022-09-17,89.99,Clothing,,,,,,,,
,,,,8907,2022-04-11,493.07,Books,,,,,,,,
,,,,8587,2022-10-01,423.64,Electronics,,,,,,,,
,,,,8479,2022-01-06,396.22,Books,,,,,,,,
,,,,2679,2022-03-12,179.09,Groceries,,,,,,,,
,,,,5995,2022-08-27,42.27,Clothing,,,,,,,,
,,,,3873,2022-03-05,463.1,Furniture,,,,,,,,
,,,,4825,2022-07-01,81.37,Groceries,,,,,,,,
,,,,7512,2022-06-09,63.39,Books,,,,,,,,
,,,,2746,2022-04-11,103.89,Furniture,,,,,,,,
,,,,8630,2022-09-15,180.16,Clothing,,,,,,,,
,,,,6014,2022-10-19,351.51,Furniture,,,,,,,,
,,,,9571,2022-02-24,27.47,Electronics,,,,,,,,
,,,,7421,2022-04-26,48.67,Furniture,,,,,,,,
,,,,4822,2022-02-01,145.58,Books,,,,,,,,
,,,,2701,2022-01-01,391.16,Clothing,,,,,,,,
,,,,6076,2022-07-29,154.59,Clothing,,,,,,,,
,,,,1790,2022-09-23,5.76,Clothing,,,,,,,,
,,,,1638,2022-10-20,47.57,Electronics,,,,,,,,
,,,,6814,2022-01-16,467.83,Furniture,,,,,,,,
,,,,2646,2022-09-10,248.17,Books,,,,,,,,
,,,,5518,2022-06-24,409.79,Books,,,,,,,,
,,,,9896,2022-08-13,321.3,Books,,,,,,,,
,,,,6328,2022-04-01,356.31,Furniture,,,,,,,,
,,,,1755,2022-01-26,268.55,Groceries,,,,,,,,
,,,,1358,2022-03-18,439.5,Furniture,,,,,,,,
,,,,1420,2022-06-18,255.41,Groceries,,,,,,,,
,,,,7299,2022-05-28,399.63,Furniture,,,,,,,,
,,,,3086,2022-09-04,364.04,Clothing,,,,,,,,
,,,,8939,2022-01-03,202.23,Clothing,,,,,,,,
,,,,2604,2022-10-13,379.34,Groceries,,,,,,,,
,,,,1332,2022-01-20,8.17,Groceries,,,,,,,,
,,,,1470,2022-10-22,498.87,Clothing,,,,,,,,
,,,,8241,2022-04-14,246.81,Books,,,,,,,,
,,,,2983,2022-07-30,38.78,Furniture,,,,,,,,
,,,,6089,2022-04-30,218.87,Books,,,,,,,,
,,,,8500,2022-12-26,14.16,Clothing,,,,,,,,
,,,,3310,2022-10-26,120.51,Clothing,,,,,,,,
,,,,6524,2022-07-18,336.36,Electronics,,,,,,,,
,,,,4688,2022-03-12,181.58,Groceries,,,,,,,,
,,,,1283,2022-05-25,50.63,Furniture,,,,,,,,
,,,,8267,2022-03-23,405.51,Electronics,,,,,,,,
,,,,6749,2022-12-11,145.8,Books,,,,,,,,
,,,,6244,2022-04-04,82.46,Groceries,,,,,,,,
,,,,7344,2022-08-28,280.48,Electronics,,,,,,,,
,,,,8585,2022-04-13,67.83,Furniture,,,,,,,,
,,,,3301,2022-06-14,7.49,Books,,,,,,,,
,,,,7847,2022-05-07,382.45,Books,,,,,,,,
,,,,8511,2022-04-11,20.39,Books,,,,,,,,
,,,,8661,2022-07-28,352.02,Groceries,,,,,,,,
,,,,9710,2022-06-27,7.92,Furniture,,,,,,,,
,,,,7275,2022-01-22,458.97,Clothing,,,,,,,,
,,,,8124,2022-12-15,89.12,Books,,,,,,,,
,,,,8154,2022-02-26,129.32,Books,,,,,,,,
,,,,5158,2022-05-09,462.82,Electronics,,,,,,,,
,,,,3524,2022-10-27,368.62,Clothing,,,,,,,,
,,,,1906,2022-05-14,151.53,Electronics,,,,,,,,
,,,,1992,2022-10-24,24.01,Clothing,,,,,,,,
,,,,6807,2022-07-03,141.8,Clothing,,,,,,,,
,,,,9137,2022-02-13,143.67,Furniture,,,,,,,,
,,,,9982,2022-06-18,143.07,Groceries,,,,,,,,
,,,,2294,2022-02-06,285.54,Books,,,,,,,,
,,,,3391,2022-10-26,107.28,Electronics,,,,,,,,
,,,,8897,2022-05-09,25.85,Furniture,,,,,,,,
,,,,4656,2022-07-19,326.58,Books,,,,,,,,
,,,,3152,2022-05-30,48.76,Groceries,,,,,,,,
,,,,2079,2022-07-10,12.21,Books,,,,,,,,
,,,,2891,2022-12-07,398.57,Electronics,,,,,,,,
,,,,4124,2022-12-23,294.45,Clothing,,,,,,,,
,,,,4992,2022-12-29,163.07,Groceries,,,,,,,,
,,,,6927,2022-08-15,367.5,Clothing,,,,,,,,
,,,,3880,2022-10-15,54.82,Books,,,,,,,,
,,,,6951,2022-10-10,39.12,Electronics,,,,,,,,
,,,,9014,2022-04-01,403.95,Groceries,,,,,,,,
,,,,6800,2022-09-12,218.95,Furniture,,,,,,,,
,,,,1837,2022-09-12,91.26,Electronics,,,,,,,,
,,,,7194,2022-01-24,23.7,Groceries,,,,,,,,
,,,,6175,2022-02-11,444.92,Books,,,,,,,,
,,,,9676,2022-02-14,291.53,Electronics,,,,,,,,
,,,,4679,2022-11-25,113.48,Electronics,,,,,,,,
,,,,7507,2022-07-03,238.18,Books,,,,,,,,
,,,,5026,2022-10-13,194.26,Electronics,,,,,,,,
,,,,6983,2022-08-28,455.63,Books,,,,,,,,
,,,,2832,2022-06-04,68.35,Electronics,,,,,,,,
,,,,4225,2022-01-31,233.03,Groceries,,,,,,,,
,,,,3914,2022-02-16,54.02,Books,,,,,,,,
,,,,4177,2022-05-07,328.02,Books,,,,,,,,
,,,,7332,2022-11-15,182.07,Furniture,,,,,,,,
,,,,3056,2022-04-25,409.54,Groceries,,,,,,,,
,,,,8850,2022-08-10,418.91,Books,,,,,,,,
,,,,5940,2022-05-29,230.45,Groceries,,,,,,,,
,,,,3689,2022-03-04,108.11,Books,,,,,,,,
,,,,1053,2022-10-25,376.03,Groceries,,,,,,,,
,,,,7759,2022-07-25,453.12,Furniture,,,,,,,,
,,,,2258,2022-11-28,363.22,Electronics,,,,,,,,
,,,,3586,2022-07-12,322.79,Groceries,,,,,,,,
,,,,6598,2022-07-01,25.9,Electronics,,,,,,,,
,,,,3095,2022-09-12,44.72,Furniture,,,,,,,,
,,,,1739,2022-12-13,12.23,Clothing,,,,,,,,
,,,,3768,2022-11-22,208.89,Electronics,,,,,,,,
,,,,2683,2022-06-07,267.44,Electronics,,,,,,,,
,,,,7291,2022-08-10,357.78,Furniture,,,,,,,,
,,,,5987,2022-02-24,124.46,Books,,,,,,,,
,,,,8558,2022-08-17,107.55,Electronics,,,,,,,,
,,,,3762,2022-12-08,265.23,Furniture,,,,,,,,
,,,,6021,2022-02-04,100.22,Electronics,,,,,,,,
,,,,6945,2022-07-25,468.49,Groceries,,,,,,,,
,,,,5418,2022-03-15,299.07,Books,,,,,,,,
,,,,2768,2022-08-17,165.6,Groceries,,,,,,,,
,,,,5710,2022-09-29,159.21,Groceries,,,,,,,,
,,,,9148,2022-01-17,168.42,Clothing,,,,,,,,
,,,,5652,2022-04-18,371.81,Electronics,,,,,,,,
,,,,5258,2022-11-26,229.52,Electronics,,,,,,,,
,,,,5893,2022-12-15,326.32,Books,,,,,,,,
,,,,3442,2022-01-26,365.72,Books,,,,,,,,
,,,,8312,2022-05-20,184.87,Furniture,,,,,,,,
,,,,3115,2022-04-05,193.08,Books,,,,,,,,
,,,,6917,2022-11-02,60.22,Books,,,,,,,,
,,,,5186,2022-09-15,375.25,Electronics,,,,,,,,
,,,,1317,2022-11-30,276.52,Electronics,,,,,,,,
,,,,7987,2022-10-15,86.92,Groceries,,,,,,,,
,,,,7572,2022-12-07,32.44,Books,,,,,,,,
,,,,6405,2022-07-30,316.31,Furniture,,,,,,,,
,,,,6620,2022-03-30,383.17,Groceries,,,,,,,,
,,,,6281,2022-03-05,167.48,Books,,,,,,,,
,,,,1618,2022-03-11,81.01,Books,,,,,,,,
,,,,2468,2022-10-13,262.86,Groceries,,,,,,,,
,,,,5696,2022-02-02,327.2,Furniture,,,,,,,,
,,,,8192,2022-09-10,228.89,Furniture,,,,,,,,
,,,,7469,2022-12-11,329.6,Clothing,,,,,,,,
,,,,5606,2022-02-03,89.91,Groceries,,,,,,,,
,,,,9997,2022-02-01,335.67,Furniture,,,,,,,,
,,,,9860,2022-05-01,385.64,Electronics,,,,,,,,
,,,,3049,2022-07-25,8.16,Furniture,,,,,,,,
,,,,8121,2022-11-05,137.53,Books,,,,,,,,
,,,,6476,2022-09-24,87.42,Electronics,,,,,,,,
,,,,5021,2022-09-30,91.22,Electronics,,,,,,,,
,,,,6579,2022-05-13,463.31,Furniture,,,,,,,,
,,,,7665,2022-09-22,476.92,Books,,,,,,,,
,,,,1982,2022-05-15,282.91,Clothing,,,,,,,,
,,,,6833,2022-01-20,265.14,Electronics,,,,,,,,
,,,,6894,2022-09-25,78.52,Electronics,,,,,,,,
,,,,3866,2022-07-29,373.91,Clothing,,,,,,,,
,,,,9828,2022-07-17,22.92,Electronics,,,,,,,,
,,,,8678,2022-10-07,262.28,Groceries,,,,,,,,
,,,,2203,2022-06-17,289.06,Furniture,,,,,,,,
,,,,8615,2022-05-03,233.6,Furniture,,,,,,,,
,,,,6720,2022-06-15,38.53,Groceries,,,,,,,,
,,,,2043,2022-04-24,495.06,Groceries,,,,,,,,
,,,,2928,2022-09-11,334.17,Electronics,,,,,,,,
,,,,3594,2022-07-06,242.36,Groceries,,,,,,,,
,,,,8426,2022-06-08,386.22,Groceries,,,,,,,,
,,,,5171,2022-12-12,419.53,Furniture,,,,,,,,
,,,,3309,2022-07-22,293.28,Clothing,,,,,,,,
,,,,5740,2022-12-20,102.64,Furniture,,,,,,,,
,,,,3650,2022-03-22,374.5,Groceries,,,,,,,,
,,,,3505,2022-10-16,333.84,Furniture,,,,,,,,
,,,,3704,2022-09-03,426.66,Clothing,,,,,,,,
,,,,2234,2022-08-17,196.96,Clothing,,,,,,,,
,,,,1912,2022-06-17,461.15,Books,,,,,,,,
,,,,6114,2022-03-09,327.55,Clothing,,,,,,,,
,,,,4990,2022-10-30,347.19,Clothing,,,,,,,,
,,,,8260,2022-01-02,197.32,Clothing,,,,,,,,
,,,,3402,2022-05-01,156.21,Furniture,,,,,,,,
,,,,1303,2022-01-15,488.03,Groceries,,,,,,,,
,,,,1220,2022-08-06,109.47,Books,,,,,,,,
,,,,8421,2022-07-31,178.97,Furniture,,,,,,,,
,,,,7521,2022-02-24,490.64,Furniture,,,,,,,,
,,,,6285,2022-06-30,269.49,Clothing,,,,,,,,
,,,,6664,2022-06-24,475.59,Clothing,,,,,,,,
,,,,1473,2022-07-19,390.93,Furniture,,,,,,,,
,,,,8192,2022-07-29,464.32,Groceries,,,,,,,,
,,,,6992,2022-11-05,179.72,Clothing,,,,,,,,
,,,,6059,2022-07-23,419.85,Electronics,,,,,,,,
,,,,2509,2022-10-02,157.62,Groceries,,,,,,,,
,,,,6281,2022-10-14,8.29,Books,,,,,,,,
,,,,7992,2022-02-14,399.53,Clothing,,,,,,,,
,,,,1960,2022-05-10,88.69,Electronics,,,,,,,,
,,,,5208,2022-09-09,472.76,Electronics,,,,,,,,
,,,,5120,2022-04-14,493.07,Groceries,,,,,,,,
,,,,2867,2022-05-23,186.24,Clothing,,,,,,,,
,,,,4306,2022-07-22,353.47,Books,,,,,,,,
,,,,7157,2022-10-03,442.68,Electronics,,,,,,,,
,,,,1414,2022-04-12,450.33,Electronics,,,,,,,,
,,,,3315,2022-05-08,294.48,Electronics,,,,,,,,
,,,,8001,2022-07-29,225.6,Books,,,,,,,,
,,,,2647,2022-07-19,357.99,Groceries,,,,,,,,
,,,,3520,2022-01-27,273.87,Clothing,,,,,,,,
,,,,9780,2022-07-21,358.27,Groceries,,,,,,,,
,,,,2582,2022-03-01,443.63,Groceries,,,,,,,,
,,,,8323,2022-06-07,365.98,Groceries,,,,,,,,
,,,,6401,2022-11-06,453.4,Books,,,,,,,,
,,,,3853,2022-10-04,218.68,Clothing,,,,,,,,
,,,,6390,2022-12-13,372.86,Groceries,,,,,,,,
,,,,1701,2022-02-02,458.6,Clothing,,,,,,,,
,,,,2470,2022-10-09,481.74,Clothing,,,,,,,,
,,,,6525,2022-02-11,350.46,Electronics,,,,,,,,
,,,,3203,2022-08-31,74.06,Furniture,,,,,,,,
,,,,8429,2022-01-31,282.29,Furniture,,,,,,,,
,,,,6682,2022-06-11,60.71,Groceries,,,,,,,,
,,,,5566,2022-06-07,262.47,Furniture,,,,,,,,
,,,,9943,2022-03-29,211.08,Books,,,,,,,,
,,,,9672,2022-03-20,405.13,Furniture,,,,,,,,
,,,,2579,2022-05-04,491.72,Clothing,,,,,,,,
,,,,5903,2022-05-26,280.94,Books,,,,,,,,
,,,,7678,2022-12-29,87.78,Clothing,,,,,,,,
,,,,8052,2022-05-29,112.68,Groceries,,,,,,,,
,,,,5886,2022-04-23,14.83,Electronics,,,,,,,,
,,,,4665,2022-09-13,465.0,Groceries,,,,,,,,
,,,,3791,2022-03-30,352.71,Furniture,,,,,,,,
,,,,5669,2022-04-24,370.11,Clothing,,,,,,,,
,,,,9862,2022-06-26,415.8,Electronics,,,,,,,,
,,,,7302,2022-07-15,358.06,Electronics,,,,,,,,
,,,,8215,2022-09-25,396.13,Groceries,,,,,,,,
,,,,6375,2022-10-12,307.35,Groceries,,,,,,,,
,,,,8989,2022-04-20,118.64,Books,,,,,,,,
,,,,6537,2022-10-01,96.92,Clothing,,,,,,,,
,,,,8610,2022-04-12,183.72,Groceries,,,,,,,,
,,,,9666,2022-06-06,381.84,Books,,,,,,,,
,,,,4954,2022-02-10,284.08,Furniture,,,,,,,,
,,,,5652,2022-03-17,83.11,Electronics,,,,,,,,
,,,,6182,2022-08-03,328.74,Books,,,,,,,,
,,,,5967,2022-07-05,394.48,Furniture,,,,,,,,
,,,,4713,2022-04-20,106.15,Groceries,,,,,,,,
,,,,8048,2022-04-15,330.67,Books,,,,,,,,
,,,,4032,2022-08-03,352.79,Furniture,,,,,,,,
,,,,2408,2022-09-02,196.28,Books,,,,,,,,
,,,,8034,2022-11-06,256.66,Books,,,,,,,,
,,,,2543,2022-07-15,101.54,Electronics,,,,,,,,
,,,,2230,2022-01-14,192.34,Clothing,,,,,,,,
,,,,3426,2022-09-20,115.69,Clothing,,,,,,,,
,,,,5229,2022-12-22,383.16,Furniture,,,,,,,,
,,,,9693,2022-06-11,149.53,Books,,,,,,,,
,,,,2817,2022-02-14,264.87,Clothing,,,,,,,,
,,,,2928,2022-04-10,97.12,Clothing,,,,,,,,
,,,,5798,2022-12-24,430.46,Furniture,,,,,,,,
,,,,4683,2022-11-13,340.13,Books,,,,,,,,
,,,,1986,2022-09-20,136.06,Furniture,,,,,,,,
,,,,7836,2022-01-25,321.31,Furniture,,,,,,,,
,,,,7337,2022-11-21,400.83,Electronics,,,,,,,,
,,,,7840,2022-01-20,69.29,Clothing,,,,,,,,
,,,,5851,2022-08-24,198.46,Books,,,,,,,,
,,,,5396,2022-04-23,73.34,Groceries,,,,,,,,
,,,,1148,2022-02-04,116.06,Furniture,,,,,,,,
,,,,3309,2022-08-02,282.86,Groceries,,,,,,,,
,,,,2675,2022-09-15,460.41,Books,,,,,,,,
,,,,2507,2022-02-13,20.16,Furniture,,,,,,,,
,,,,6549,2022-07-11,420.44,Groceries,,,,,,,,
,,,,7111,2022-04-15,337.76,Books,,,,,,,,
,,,,4761,2022-06-17,41.33,Books,,,,,,,,
,,,,5492,2022-09-05,39.83,Furniture,,,,,,,,
,,,,2070,2022-02-16,136.98,Clothing,,,,,,,,
,,,,2456,2022-04-09,61.38,Electronics,,,,,,,,
,,,,8059,2022-01-29,21.73,Electronics,,,,,,,,
,,,,1767,2022-08-26,281.28,Books,,,,,,,,
,,,,5091,2022-11-01,274.57,Clothing,,,,,,,,
,,,,1886,2022-10-13,31.89,Groceries,,,,,,,,
,,,,6492,2022-04-15,145.36,Books,,,,,,,,
,,,,3905,2022-04-04,227.91,Groceries,,,,,,,,
,,,,1228,2022-05-04,245.27,Furniture,,,,,,,,
,,,,5698,2022-09-13,115.88,Clothing,,,,,,,,
,,,,4838,2022-02-28,313.83,Groceries,,,,,,,,
,,,,8446,2022-08-26,268.23,Electronics,,,,,,,,
,,,,6931,2022-06-10,426.49,Books,,,,,,,,
,,,,9720,2022-10-08,222.04,Electronics,,,,,,,,
,,,,6949,2022-03-30,185.53,Furniture,,,,,,,,
,,,,2271,2022-08-06,452.93,Books,,,,,,,,
,,,,8641,2022-03-20,303.43,Clothing,,,,,,,,
,,,,5425,2022-09-25,169.01,Books,,,,,,,,
,,,,5938,2022-03-29,30.93,Electronics,,,,,,,,
,,,,1007,2022-05-11,357.99,Furniture,,,,,,,,
,,,,5724,2022-12-01,192.17,Electronics,,,,,,,,
,,,,5379,2022-08-13,321.76,Furniture,,,,,,,,
,,,,4187,2022-05-23,213.25,Electronics,,,,,,,,
,,,,2636,2022-01-08,28.63,Furniture,,,,,,,,
,,,,5710,2022-10-23,100.6,Electronics,,,,,,,,
,,,,9601,2022-03-06,108.17,Clothing,,,,,,,,
,,,,5210,2022-04-07,462.43,Furniture,,,,,,,,
,,,,6194,2022-04-12,298.8,Electronics,,,,,,,,
,,,,3683,2022-03-21,242.28,Electronics,,,,,,,,
,,,,4044,2022-02-26,254.01,Books,,,,,,,,
,,,,1660,2022-01-25,344.33,Clothing,,,,,,,,
,,,,3240,2022-09-02,269.05,Groceries,,,,,,,,
,,,,8398,2022-03-24,217.01,Books,,,,,,,,
,,,,5661,2022-01-11,447.05,Groceries,,,,,,,,
,,,,8984,2022-12-06,109.82,Electronics,,,,,,,,
,,,,5477,2022-02-16,100.2,Groceries,,,,,,,,
,,,,5315,2022-12-22,133.56,Clothing,,,,,,,,
,,,,9938,2022-11-10,474.14,Furniture,,,,,,,,
,,,,5720,2022-05-25,452.34,Electronics,,,,,,,,
,,,,8735,2022-09-17,377.41,Electronics,,,,,,,,
,,,,8681,2022-05-14,372.11,Clothing,,,,,,,,
,,,,3693,2022-11-06,471.49,Books,,,,,,,,
,,,,6442,2022-11-04,373.22,Electronics,,,,,,,,
,,,,2618,2022-06-23,412.37,Books,,,,,,,,
,,,,4324,2022-09-15,311.38,Clothing,,,,,,,,
,,,,1130,2022-09-27,68.75,Groceries,,,,,,,,
,,,,3962,2022-01-08,151.31,Electronics,,,,,,,,
,,,,2227,2022-01-03,217.97,Electronics,,,,,,,,
,,,,4933,2022-10-26,118.98,Furniture,,,,,,,,
,,,,8708,2022-03-24,429.21,Clothing,,,,,,,,
,,,,2696,2022-08-26,482.49,Electronics,,,,,,,,
,,,,7373,2022-12-15,53.78,Groceries,,,,,,,,
,,,,9767,2022-04-17,107.17,Electronics,,,,,,,,
,,,,5208,2022-08-31,415.89,Furniture,,,,,,,,
,,,,6975,2022-04-02,334.98,Clothing,,,,,,,,
,,,,7861,2022-06-16,32.8,Groceries,,,,,,,,
,,,,5385,2022-08-23,384.87,Electronics,,,,,,,,
,,,,5261,2022-01-17,326.07,Books,,,,,,,,
,,,,6889,2022-04-04,59.42,Clothing,,,,,,,,
,,,,6280,2022-10-16,9.68,Furniture,,,,,,,,
,,,,7355,2022-02-05,192.76,Clothing,,,,,,,,
,,,,3341,2022-06-11,285.35,Groceries,,,,,,,,
,,,,7579,2022-08-07,11.43,Books,,,,,,,,
,,,,4944,2022-09-05,255.21,Clothing,,,,,,,,
,,,,6083,2022-06-21,238.79,Groceries,,,,,,,,
,,,,5049,2022-10-19,337.45,Books,,,,,,,,
,,,,5092,2022-02-21,231.87,Groceries,,,,,,,,
,,,,3994,2022-07-17,478.77,Groceries,,,,,,,,
,,,,8851,2022-12-27,371.78,Furniture,,,,,,,,
,,,,9145,2022-11-04,442.53,Clothing,,,,,,,,
,,,,3693,2022-10-09,150.02,Clothing,,,,,,,,
,,,,7641,2022-01-30,479.92,Clothing,,,,,,,,
,,,,2321,2022-03-10,29.2,Groceries,,,,,,,,
,,,,2504,2022-05-10,475.95,Clothing,,,,,,,,
,,,,1625,2022-11-19,36.01,Furniture,,,,,,,,
,,,,6172,2022-01-28,255.63,Electronics,,,,,,,,
,,,,5587,2022-10-13,214.07,Books,,,,,,,,
,,,,9114,2022-12-27,190.63,Electronics,,,,,,,,
,,,,3266,2022-04-23,493.11,Electronics,,,,,,,,
,,,,8700,2022-05-29,423.11,Clothing,,,,,,,,
,,,,7473,2022-11-20,387.21,Furniture,,,,,,,,
,,,,1403,2022-12-15,239.54,Books,,,,,,,,
,,,,4331,2022-10-03,76.61,Books,,,,,,,,
,,,,9804,2022-11-14,166.89,Books,,,,,,,,
,,,,7589,2022-07-01,302.88,Books,,,,,,,,
,,,,1758,2022-07-27,205.37,Electronics,,,,,,,,
,,,,7745,2022-03-21,54.1,Books,,,,,,,,
,,,,4284,2022-10-25,213.98,Electronics,,,,,,,,
,,,,4373,2022-04-02,379.78,Groceries,,,,,,,,
,,,,6412,2022-11-29,170.62,Clothing,,,,,,,,
,,,,8725,2022-01-11,208.94,Groceries,,,,,,,,
,,,,5083,2022-04-15,444.27,Electronics,,,,,,,,
,,,,1341,2022-05-26,309.02,Clothing,,,,,,,,
,,,,1872,2022-11-09,198.29,Groceries,,,,,,,,
,,,,1225,2022-05-16,386.83,Groceries,,,,,,,,
,,,,2577,2022-07-24,230.71,Books,,,,,,,,
,,,,7002,2022-05-15,42.56,Groceries,,,,,,,,
,,,,9794,2022-02-21,301.56,Furniture,,,,,,,,
,,,,4855,2022-10-29,460.77,Groceries,,,,,,,,
,,,,2881,2022-02-21,15.67,Books,,,,,,,,
,,,,5482,2022-06-19,386.35,Electronics,,,,,,,,
,,,,7734,2022-06-22,434.17,Books,,,,,,,,
,,,,9623,2022-03-07,68.39,Furniture,,,,,,,,
,,,,2253,2022-07-06,19.71,Books,,,,,,,,
,,,,6289,2022-10-21,35.6,Electronics,,,,,,,,
,,,,6516,2022-04-19,35.6,Electronics,,,,,,,,
,,,,3615,2022-06-23,426.54,Clothing,,,,,,,,
,,,,3466,2022-10-23,162.84,Furniture,,,,,,,,
,,,,6155,2022-03-07,199.31,Books,,,,,,,,
,,,,2530,2022-08-06,84.64,Electronics,,,,,,,,
,,,,2839,2022-04-29,146.08,Electronics,,,,,,,,
,,,,2957,2022-02-21,482.06,Electronics,,,,,,,,
,,,,8708,2022-04-28,477.3,Electronics,,,,,,,,
,,,,9821,2022-12-07,56.53,Clothing,,,,,,,,
,,,,1474,2022-11-24,203.22,Groceries,,,,,,,,
,,,,8185,2022-09-23,307.9,Groceries,,,,,,,,
,,,,7225,2022-01-28,62.8,Furniture,,,,,,,,
,,,,3023,2022-09-10,491.98,Clothing,,,,,,,,
,,,,8037,2022-09-17,373.45,Books,,,,,,,,
,,,,1342,2022-05-01,350.46,Furniture,,,,,,,,
,,,,9941,2022-12-09,275.54,Furniture,,,,,,,,
,,,,7497,2022-08-29,415.87,Groceries,,,,,,,,
,,,,8727,2022-08-16,117.14,Clothing,,,,,,,,
,,,,1604,2022-03-27,369.03,Electronics,,,,,,,,
,,,,9691,2022-09-11,229.29,Electronics,,,,,,,,
,,,,7971,2022-05-29,209.89,Furniture,,,,,,,,
,,,,8182,2022-06-06,275.42,Furniture,,,,,,,,
,,,,2955,2022-01-04,411.94,Electronics,,,,,,,,
,,,,3597,2022-03-17,145.68,Clothing,,,,,,,,
,,,,1161,2022-07-21,142.92,Books,,,,,,,,
,,,,2385,2022-05-08,432.77,Furniture,,,,,,,,
,,,,4176,2022-08-21,196.65,Furniture,,,,,,,,
,,,,5338,2022-07-03,302.37,Clothing,,,,,,,,
,,,,2485,2022-09-21,392.98,Groceries,,,,,,,,
,,,,6908,2022-05-15,255.78,Clothing,,,,,,,,
,,,,2141,2022-11-10,276.24,Groceries,,,,,,,,
,,,,9952,2022-05-14,125.93,Electronics,,,,,,,,
,,,,5434,2022-11-06,102.54,Books,,,,,,,,
,,,,3363,2022-01-29,9.66,Furniture,,,,,,,,
,,,,9273,2022-06-23,365.35,Clothing,,,,,,,,
,,,,4869,2022-05-23,82.67,Books,,,,,,,,
,,,,9873,2022-08-02,363.81,Books,,,,,,,,
,,,,3113,2022-10-02,219.33,Groceries,,,,,,,,
,,,,4532,2022-08-18,220.63,Books,,,,,,,,
,,,,8243,2022-03-04,243.9,Groceries,,,,,,,,
,,,,3558,2022-03-01,215.59,Furniture,,,,,,,,
,,,,9230,2022-12-24,96.13,Electronics,,,,,,,,
,,,,2092,2022-03-21,270.04,Furniture,,,,,,,,
,,,,5443,2022-06-24,177.58,Groceries,,,,,,,,
,,,,8073,2022-05-07,414.75,Groceries,,,,,,,,
,,,,5147,2022-02-15,372.96,Furniture,,,,,,,,
,,,,8507,2022-04-18,152.64,Clothing,,,,,,,,
,,,,1490,2022-12-23,307.23,Electronics,,,,,,,,
,,,,9432,2022-09-14,288.17,Electronics,,,,,,,,
,,,,2660,2022-02-27,285.43,Clothing,,,,,,,,
,,,,2465,2022-02-06,38.63,Furniture,,,,,,,,
,,,,6830,2022-09-17,273.8,Furniture,,,,,,,,
,,,,5497,2022-09-08,183.17,Electronics,,,,,,,,
,,,,3882,2022-06-04,66.92,Clothing,,,,,,,,
,,,,7065,2022-03-09,224.23,Furniture,,,,,,,,
,,,,8822,2022-03-15,126.46,Clothing,,,,,,,,
,,,,2243,2022-05-17,329.0,Clothing,,,,,,,,
,,,,1315,2022-09-15,345.66,Groceries,,,,,,,,
,,,,9251,2022-11-21,75.68,Groceries,,,,,,,,
,,,,5128,2022-09-15,195.54,Clothing,,,,,,,,
,,,,1975,2022-03-03,449.42,Groceries,,,,,,,,
,,,,5032,2022-08-26,337.64,Electronics,,,,,,,,
,,,,9964,2022-05-13,10.73,Books,,,,,,,,
,,,,5491,2022-12-21,29.01,Clothing,,,,,,,,
,,,,9101,2022-01-15,146.15,Electronics,,,,,,,,
,,,,2345,2022-12-22,20.67,Furniture,,,,,,,,
,,,,7618,2022-05-31,153.32,Books,,,,,,,,
,,,,2306,2022-11-17,41.07,Clothing,,,,,,,,
,,,,9571,2022-05-08,388.45,Electronics,,,,,,,,
,,,,4715,2022-10-15,359.03,Clothing,,,,,,,,
,,,,2762,2022-03-20,476.8,Groceries,,,,,,,,
,,,,6759,2022-12-10,418.23,Furniture,,,,,,,,
,,,,4073,2022-12-22,427.28,Books,,,,,,,,
,,,,8175,2022-04-19,71.24,Books,,,,,,,,
,,,,5622,2022-07-14,101.02,Clothing,,,,,,,,
,,,,4392,2022-03-26,389.93,Electronics,,,,,,,,
,,,,7994,2022-10-09,133.02,Furniture,,,,,,,,
,,,,2659,2022-02-07,158.02,Furniture,,,,,,,,
,,,,6068,2022-01-26,341.03,Clothing,,,,,,,,
,,,,9578,2022-03-17,171.2,Clothing,,,,,,,,
,,,,4532,2022-04-06,98.39,Groceries,,,,,,,,
,,,,6628,2022-12-22,415.19,Clothing,,,,,,,,
,,,,8171,2022-09-09,101.04,Books,,,,,,,,
,,,,7363,2022-05-05,183.06,Furniture,,,,,,,,
,,,,5223,2022-05-05,280.73,Electronics,,,,,,,,
,,,,6729,2022-02-05,284.42,Books,,,,,,,,
,,,,7529,2022-06-24,302.08,Groceries,,,,,,,,
,,,,9062,2022-07-25,117.13,Electronics,,,,,,,,
,,,,5187,2022-01-04,252.54,Clothing,,,,,,,,
,,,,6231,2022-06-27,385.45,Furniture,,,,,,,,
,,,,3174,2022-05-07,471.57,Clothing,,,,,,,,
,,,,2808,2022-04-19,39.42,Electronics,,,,,,,,
,,,,9412,2022-07-25,435.96,Groceries,,,,,,,,
,,,,6499,2022-02-14,168.35,Clothing,,,,,,,,
,,,,7675,2022-04-04,69.19,Groceries,,,,,,,,
,,,,1965,2022-02-28,266.11,Books,,,,,,,,
,,,,8350,2022-11-28,454.53,Clothing,,,,,,,,
,,,,1522,2022-02-22,443.12,Clothing,,,,,,,,
,,,,4918,2022-03-03,212.86,Clothing,,,,,,,,
,,,,6275,2022-02-28,51.15,Furniture,,,,,,,,
,,,,5145,2022-01-17,469.8,Furniture,,,,,,,,
,,,,7701,2022-01-26,189.19,Groceries,,,,,,,,
,,,,8932,2022-09-18,125.88,Electronics,,,,,,,,
,,,,7182,2022-06-06,38.42,Books,,,,,,,,
,,,,1369,2022-07-05,483.5,Clothing,,,,,,,,
,,,,3593,2022-07-28,342.88,Clothing,,,,,,,,
,,,,1460,2022-12-23,201.31,Groceries,,,,,,,,
,,,,4945,2022-10-15,257.17,Groceries,,,,,,,,
,,,,8178,2022-04-06,311.62,Electronics,,,,,,,,
,,,,8141,2022-02-17,81.64,Clothing,,,,,,,,
,,,,1368,2022-08-05,268.31,Clothing,,,,,,,,
,,,,1943,2022-05-30,192.41,Groceries,,,,,,,,
,,,,1893,2022-11-25,101.0,Books,,,,,,,,
,,,,8358,2022-05-30,71.78,Groceries,,,,,,,,
,,,,5358,2022-09-06,326.62,Books,,,,,,,,
,,,,7232,2022-12-16,336.21,Groceries,,,,,,,,
,,,,9781,2022-03-06,125.2,Electronics,,,,,,,,
,,,,9661,2022-05-16,143.23,Electronics,,,,,,,,
,,,,5781,2022-01-14,236.58,Clothing,,,,,,,,
,,,,1236,2022-03-19,225.82,Furniture,,,,,,,,
,,,,6933,2022-08-30,494.9,Groceries,,,,,,,,
,,,,4405,2022-10-23,101.21,Clothing,,,,,,,,
,,,,8667,2022-10-18,73.91,Clothing,,,,,,,,
,,,,7583,2022-12-27,124.16,Electronics,,,,,,,,
,,,,7489,2022-07-24,227.25,Books,,,,,,,,
,,,,9687,2022-08-06,85.61,Electronics,,,,,,,,
,,,,1323,2022-10-25,334.21,Furniture,,,,,,,,
,,,,6935,2022-09-18,252.15,Books,,,,,,,,
,,,,7827,2022-09-22,232.44,Furniture,,,,,,,,
,,,,8888,2022-12-07,477.37,Electronics,,,,,,,,
,,,,6541,2022-12-07,260.06,Groceries,,,,,,,,
,,,,7350,2022-10-24,80.28,Books,,,,,,,,
,,,,3984,2022-02-05,359.77,Furniture,,,,,,,,
,,,,2490,2022-07-16,387.96,Groceries,,,,,,,,
,,,,2991,2022-01-20,79.74,Electronics,,,,,,,,
,,,,3629,2022-10-29,265.33,Furniture,,,,,,,,
,,,,5164,2022-06-06,250.31,Furniture,,,,,,,,
,,,,7005,2022-08-14,477.95,Furniture,,,,,,,,
,,,,2724,2022-09-08,232.06,Groceries,,,,,,,,
,,,,2917,2022-12-13,324.98,Books,,,,,,,,
,,,,2979,2022-06-15,375.34,Groceries,,,,,,,,
,,,,8594,2022-04-08,166.73,Books,,,,,,,,
,,,,5529,2022-11-23,93.73,Furniture,,,,,,,,
